0 0.515625 0.22109375 0.059375000000000004 0.1765625
0 0.3828125 0.37265625 0.1625 0.2765625
0 0.47968750000000004 0.33125000000000004 0.018750000000000003 0.025
0 0.375 0.21328125 0.046875 0.051562500000000004
0 0.40937500000000004 0.17890625000000002 0.025 0.0234375
0 0.34218750000000003 0.18515625000000002 0.021875000000000002 0.0234375
0 0.37031250000000004 0.584375 0.03125 0.040625
0 0.34375 0.7015625000000001 0.28125 0.17500000000000002
0 0.48984375 0.77890625 0.035937500000000004 0.06406250000000001
0 0.46953125 0.4078125 0.029687500000000002 0.040625
