3 0.309375 0.36640625000000004 0.09375 0.1234375
3 0.47265625 0.3953125 0.20468750000000002 0.18125000000000002
3 0.29531250000000003 0.6414062500000001 0.034375 0.0390625
3 0.31093750000000003 0.57421875 0.059375000000000004 0.0546875
3 0.359375 0.60078125 0.040625 0.0390625
3 0.39140625 0.63671875 0.035937500000000004 0.0421875
3 0.4390625 0.6078125000000001 0.043750000000000004 0.043750000000000004
3 0.47734375 0.703125 0.045312500000000006 0.037500000000000006
3 0.49765625 0.53046875 0.1078125 0.1203125
3 0.6023437500000001 0.5921875 0.11406250000000001 0.109375
