0 0.51875 0.6015625 0.05625 0.053125000000000006
0 0.63203125 0.55859375 0.045312500000000006 0.035937500000000004
0 0.33984375 0.45937500000000003 0.07968750000000001 0.046875
0 0.39609375 0.42265625 0.0421875 0.045312500000000006
0 0.36484375 0.35703125 0.060937500000000006 0.0546875
0 0.3984375 0.31875000000000003 0.043750000000000004 0.037500000000000006
0 0.50546875 0.5171875 0.0578125 0.0625
0 0.5234375 0.6742187500000001 0.05625 0.0703125
0 0.41250000000000003 0.7367187500000001 0.05 0.051562500000000004
0 0.36015625 0.66015625 0.0484375 0.045312500000000006
0 0.58984375 0.66328125 0.0671875 0.0671875
0 0.66015625 0.8046875 0.1609375 0.1375
0 0.59296875 0.73359375 0.07968750000000001 0.0890625
0 0.6625000000000001 0.7140625 0.08125 0.06875
