0 0.7132812500000001 0.22421875000000002 0.035937500000000004 0.029687500000000002
0 0.703125 0.2765625 0.018750000000000003 0.025
0 0.76484375 0.34296875000000004 0.0234375 0.0234375
0 0.728125 0.38125000000000003 0.043750000000000004 0.034375
0 0.56484375 0.39453125 0.0171875 0.0234375
0 0.7015625000000001 0.34218750000000003 0.018750000000000003 0.03125
0 0.8703125 0.41875 0.037500000000000006 0.028125
0 0.7453125 0.484375 0.028125 0.021875000000000002
0 0.76875 0.5789062500000001 0.1375 0.08281250000000001
0 0.5796875 0.5281250000000001 0.05625 0.05625
0 0.6687500000000001 0.18828125 0.025 0.026562500000000003
0 0.7406250000000001 0.1796875 0.040625 0.025
0 0.34609375000000003 0.434375 0.026562500000000003 0.034375
0 0.5359375000000001 0.7976562500000001 0.10312500000000001 0.0765625
0 0.30546875 0.80390625 0.1328125 0.07968750000000001
0 0.20546875 0.77109375 0.0703125 0.0671875
