0 0.8718750000000001 0.6781250000000001 0.043750000000000004 0.065625
0 0.921875 0.65 0.043750000000000004 0.034375
0 0.9070312500000001 0.60703125 0.0171875 0.026562500000000003
0 0.9710937500000001 0.57265625 0.0390625 0.0484375
0 0.8140625 0.6726562500000001 0.021875000000000002 0.026562500000000003
0 0.7734375 0.72265625 0.021875000000000002 0.026562500000000003
0 0.70625 0.66015625 0.07500000000000001 0.1203125
0 0.8234375 0.58515625 0.034375 0.045312500000000006
0 0.7765625 0.58203125 0.053125000000000006 0.08281250000000001
0 0.7375 0.5890625 0.018750000000000003 0.018750000000000003
0 0.69921875 0.56875 0.0328125 0.043750000000000004
0 0.7835937500000001 0.4625 0.2109375 0.18125000000000002
0 0.6179687500000001 0.43125 0.1453125 0.1375
0 0.59921875 0.35703125 0.045312500000000006 0.0421875
