0 0.4421875 0.6351562500000001 0.046875 0.0484375
0 0.6507812500000001 0.69140625 0.2546875 0.32343750000000004
0 0.35078125000000004 0.48984375 0.0171875 0.026562500000000003
0 0.6921875000000001 0.42031250000000003 0.178125 0.065625
0 0.83984375 0.3640625 0.09531250000000001 0.059375000000000004
0 0.87421875 0.27968750000000003 0.0328125 0.028125
0 0.75703125 0.2578125 0.07968750000000001 0.046875
0 0.6781250000000001 0.31875000000000003 0.03125 0.028125
0 0.25546875 0.203125 0.0734375 0.10312500000000001
0 0.07500000000000001 0.184375 0.034375 0.040625
