0 0.43203125000000003 0.40468750000000003 0.051562500000000004 0.078125
0 0.26406250000000003 0.44921875 0.3125 0.35468750000000004
0 0.31875000000000003 0.6117187500000001 0.115625 0.0703125
0 0.40703125 0.6468750000000001 0.045312500000000006 0.043750000000000004
0 0.37812500000000004 0.68359375 0.028125 0.029687500000000002
0 0.3171875 0.7054687500000001 0.043750000000000004 0.0484375
0 0.56015625 0.65390625 0.0328125 0.029687500000000002
0 0.5390625 0.6921875000000001 0.05 0.0625
0 0.48671875000000003 0.74765625 0.0390625 0.0390625
0 0.56484375 0.7421875 0.0734375 0.05625
0 0.509375 0.8078125 0.05625 0.053125000000000006
0 0.54140625 0.8914062500000001 0.0859375 0.0921875
0 0.38671875 0.7507812500000001 0.035937500000000004 0.0328125
0 0.38906250000000003 0.8250000000000001 0.028125 0.025
0 0.4109375 0.8992187500000001 0.03125 0.029687500000000002
