0 0.29765625 0.5609375 0.0421875 0.043750000000000004
0 0.478125 0.5953125 0.115625 0.109375
0 0.51328125 0.65234375 0.0484375 0.0578125
0 0.5484375 0.69921875 0.03125 0.035937500000000004
0 0.5578125 0.7351562500000001 0.059375000000000004 0.0546875
0 0.43046875 0.69921875 0.0703125 0.0671875
0 0.48125 0.7289062500000001 0.0625 0.0671875
0 0.40468750000000003 0.7757812500000001 0.10625000000000001 0.09843750000000001
0 0.42812500000000003 0.40859375000000003 0.05 0.0546875
0 0.46406250000000004 0.35625 0.034375 0.03125
0 0.5085937500000001 0.3609375 0.045312500000000006 0.046875
0 0.534375 0.39765625000000004 0.053125000000000006 0.0484375
0 0.56796875 0.37812500000000004 0.0328125 0.034375
0 0.58515625 0.284375 0.1859375 0.20625000000000002
0 0.43281250000000004 0.25859375 0.043750000000000004 0.0390625
0 0.58125 0.54140625 0.05625 0.0578125
0 0.6000000000000001 0.44375000000000003 0.18125000000000002 0.171875
0 0.49609375 0.51328125 0.09531250000000001 0.1046875
0 0.7132812500000001 0.503125 0.2484375 0.21250000000000002
