0 0.6640625 0.73984375 0.09062500000000001 0.1015625
0 0.7765625 0.7171875000000001 0.09062500000000001 0.05
0 0.8546875 0.6820312500000001 0.034375 0.045312500000000006
0 0.821875 0.565625 0.1 0.096875
0 0.66171875 0.48125 0.2078125 0.184375
0 0.54609375 0.7046875 0.0390625 0.07500000000000001
0 0.46953125 0.30000000000000004 0.0328125 0.037500000000000006
0 0.41015625 0.1390625 0.0421875 0.034375
0 0.5953125 0.2265625 0.059375000000000004 0.07187500000000001
0 0.6015625 0.29453125 0.046875 0.0546875
0 0.5546875 0.096875 0.096875 0.07187500000000001
0 0.37421875000000004 0.3359375 0.1015625 0.065625
