0 0.32890625 0.6742187500000001 0.0421875 0.045312500000000006
0 0.43203125000000003 0.50625 0.1203125 0.109375
0 0.41250000000000003 0.43593750000000003 0.046875 0.059375000000000004
0 0.4 0.37343750000000003 0.03125 0.037500000000000006
0 0.37890625 0.340625 0.060937500000000006 0.053125000000000006
0 0.31484375000000003 0.46796875000000004 0.0734375 0.0671875
0 0.328125 0.40625 0.0625 0.06875
0 0.234375 0.43281250000000004 0.109375 0.096875
0 0.54453125 0.68125 0.051562500000000004 0.05625
0 0.6125 0.6890625 0.037500000000000006 0.03125
0 0.6414062500000001 0.6507812500000001 0.045312500000000006 0.0484375
0 0.6312500000000001 0.603125 0.05625 0.05
0 0.67109375 0.59140625 0.0328125 0.035937500000000004
0 0.7585937500000001 0.64609375 0.18281250000000002 0.2171875
0 0.66796875 0.7859375000000001 0.045312500000000006 0.040625
0 0.55 0.46171875 0.05625 0.0578125
0 0.6421875 0.51875 0.1875 0.171875
0 0.51171875 0.55078125 0.09531250000000001 0.1078125
0 0.67578125 0.384375 0.26406250000000003 0.209375
