0 0.19609375 0.55234375 0.2265625 0.2234375
0 0.3640625 0.64609375 0.1875 0.20468750000000002
0 0.30078125 0.51796875 0.051562500000000004 0.051562500000000004
0 0.32578125 0.56015625 0.0390625 0.045312500000000006
0 0.39140625 0.453125 0.06406250000000001 0.06875
0 0.31796875 0.4625 0.0328125 0.043750000000000004
0 0.23203125000000002 0.390625 0.0328125 0.034375
0 0.42500000000000004 0.39375000000000004 0.03125 0.034375
0 0.60546875 0.38828125 0.0421875 0.045312500000000006
0 0.6390625000000001 0.40156250000000004 0.115625 0.1375
0 0.696875 0.41718750000000004 0.034375 0.037500000000000006
0 0.815625 0.26406250000000003 0.05 0.05
0 0.8929687500000001 0.2921875 0.07968750000000001 0.084375
0 0.58203125 0.55390625 0.0734375 0.0703125
0 0.7195312500000001 0.578125 0.22031250000000002 0.1875
0 0.48125 0.86640625 0.115625 0.1421875
0 0.565625 0.9226562500000001 0.14375000000000002 0.1203125
0 0.7125 0.31953125000000004 0.025 0.029687500000000002
0 0.4765625 0.5734375 0.11875000000000001 0.09375
