0 0.30390625000000004 0.5046875000000001 0.0765625 0.07500000000000001
0 0.31015625 0.4390625 0.06406250000000001 0.07187500000000001
0 0.37578125 0.49453125000000003 0.0234375 0.0234375
0 0.39921875 0.45234375000000004 0.051562500000000004 0.0578125
0 0.37734375000000003 0.39296875000000003 0.0328125 0.0390625
0 0.34687500000000004 0.3640625 0.0625 0.05625
0 0.22734375 0.48046875 0.11406250000000001 0.1078125
0 0.37734375000000003 0.5546875 0.0484375 0.053125000000000006
0 0.43671875000000004 0.52578125 0.1265625 0.1265625
0 0.5796875 0.56796875 0.140625 0.1328125
0 0.5398437500000001 0.45937500000000003 0.0734375 0.07500000000000001
0 0.6703125000000001 0.39765625000000004 0.31562500000000004 0.3046875
