0 0.478125 0.33906250000000004 0.05 0.046875
0 0.57578125 0.3375 0.1265625 0.1
0 0.36484375 0.38359375 0.0671875 0.0671875
0 0.3453125 0.325 0.07500000000000001 0.07500000000000001
0 0.46875 0.18906250000000002 0.046875 0.043750000000000004
0 0.34687500000000004 0.2078125 0.14375000000000002 0.13125
0 0.7390625000000001 0.43281250000000004 0.053125000000000006 0.065625
0 0.6960937500000001 0.45 0.0421875 0.037500000000000006
0 0.65 0.49765625 0.0625 0.051562500000000004
0 0.65546875 0.5453125 0.0203125 0.021875000000000002
0 0.58203125 0.54140625 0.1203125 0.1484375
0 0.7429687500000001 0.521875 0.0734375 0.06875
0 0.71640625 0.58515625 0.0734375 0.0734375
0 0.8015625000000001 0.5953125 0.12187500000000001 0.125
0 0.55703125 0.7351562500000001 0.035937500000000004 0.0390625
0 0.51015625 0.58125 0.035937500000000004 0.034375
0 0.38203125000000004 0.5625 0.2390625 0.22812500000000002
0 0.26953125 0.6796875 0.1203125 0.125
0 0.46484375 0.7859375000000001 0.1078125 0.1125
0 0.384375 0.78828125 0.046875 0.0421875
0 0.28515625 0.8 0.0421875 0.043750000000000004
