0 0.0859375 0.47890625000000003 0.0625 0.060937500000000006
0 0.14140625 0.45703125 0.0578125 0.0671875
0 0.18046875 0.44140625 0.0546875 0.0484375
0 0.24609375 0.43359375 0.0578125 0.0546875
0 0.24296875 0.38125000000000003 0.0546875 0.043750000000000004
0 0.31796875 0.39765625000000004 0.1078125 0.1046875
0 0.6171875 0.27265625 0.31875000000000003 0.38906250000000003
0 0.53515625 0.5296875 0.0703125 0.0625
0 0.59609375 0.55859375 0.035937500000000004 0.035937500000000004
0 0.66953125 0.5484375 0.09843750000000001 0.109375
0 0.78515625 0.6000000000000001 0.035937500000000004 0.034375
0 0.36562500000000003 0.6109375 0.115625 0.08750000000000001
0 0.34687500000000004 0.73359375 0.15937500000000002 0.1609375
0 0.4375 0.7132812500000001 0.07500000000000001 0.08281250000000001
0 0.38984375000000004 0.82421875 0.0765625 0.0765625
0 0.27890625 0.82734375 0.1015625 0.0890625
0 0.49921875000000004 0.8835937500000001 0.23593750000000002 0.1953125
0 0.55078125 0.67109375 0.2609375 0.2734375
