0 0.7796875000000001 0.6960937500000001 0.146875 0.0921875
0 0.8187500000000001 0.55859375 0.10312500000000001 0.06406250000000001
0 0.62265625 0.59921875 0.0484375 0.029687500000000002
0 0.6843750000000001 0.6585937500000001 0.0625 0.060937500000000006
0 0.68671875 0.55859375 0.026562500000000003 0.0234375
0 0.63984375 0.4765625 0.1296875 0.15000000000000002
0 0.83125 0.4140625 0.03125 0.034375
0 0.56171875 0.8992187500000001 0.1859375 0.2015625
0 0.4703125 0.71484375 0.043750000000000004 0.0390625
0 0.47109375000000003 0.6453125000000001 0.06406250000000001 0.06875
0 0.49765625 0.56015625 0.0421875 0.029687500000000002
0 0.40078125000000003 0.5421875 0.1046875 0.078125
