0 0.96875 0.478125 0.0625 0.0625
0 0.91328125 0.45625000000000004 0.060937500000000006 0.06875
0 0.8734375000000001 0.4390625 0.05625 0.05
0 0.80625 0.43125 0.059375000000000004 0.05625
0 0.81015625 0.37734375000000003 0.0546875 0.045312500000000006
0 0.73203125 0.39453125 0.11093750000000001 0.1078125
0 0.42578125 0.26640625 0.32656250000000003 0.3984375
0 0.51015625 0.52890625 0.0734375 0.06406250000000001
0 0.446875 0.5593750000000001 0.037500000000000006 0.037500000000000006
0 0.37109375 0.5484375 0.1015625 0.1125
0 0.25390625 0.60078125 0.035937500000000004 0.035937500000000004
0 0.6843750000000001 0.61328125 0.11875000000000001 0.0890625
0 0.70234375 0.7390625000000001 0.1640625 0.16562500000000002
0 0.6101562500000001 0.71796875 0.0765625 0.0859375
0 0.6585937500000001 0.83125 0.07968750000000001 0.078125
0 0.77265625 0.83515625 0.1046875 0.0921875
0 0.546875 0.89375 0.240625 0.2
0 0.49375 0.675 0.26875 0.28125
