0 0.89765625 0.3515625 0.08281250000000001 0.084375
0 0.7093750000000001 0.40390625 0.153125 0.15156250000000002
0 0.721875 0.28828125 0.08125 0.0703125
0 0.6125 0.30078125 0.140625 0.16718750000000002
0 0.49921875000000004 0.18281250000000002 0.0484375 0.040625
0 0.6234375000000001 0.45 0.09375 0.10312500000000001
0 0.49140625000000004 0.6953125 0.30781250000000004 0.415625
0 0.6273437500000001 0.690625 0.1015625 0.115625
0 0.76171875 0.5890625 0.051562500000000004 0.05625
0 0.87265625 0.39609375 0.029687500000000002 0.029687500000000002
