0 0.6960937500000001 0.7210937500000001 0.1015625 0.2328125
0 0.6578125 0.83515625 0.040625 0.0546875
0 0.58125 0.79453125 0.12187500000000001 0.09531250000000001
0 0.54609375 0.7367187500000001 0.026562500000000003 0.026562500000000003
0 0.33906250000000004 0.6125 0.078125 0.096875
0 0.31093750000000003 0.4703125 0.125 0.109375
0 0.21796875000000002 0.48671875000000003 0.045312500000000006 0.06406250000000001
0 0.27734375 0.546875 0.026562500000000003 0.037500000000000006
0 0.5 0.46015625000000004 0.025 0.035937500000000004
0 0.6039062500000001 0.509375 0.1484375 0.125
0 0.7000000000000001 0.57578125 0.040625 0.035937500000000004
0 0.5710937500000001 0.41328125000000004 0.1265625 0.09531250000000001
0 0.53125 0.35468750000000004 0.0625 0.05
0 0.71640625 0.32265625000000003 0.07968750000000001 0.06406250000000001
0 0.70703125 0.36562500000000003 0.026562500000000003 0.025
