0 0.728125 0.35000000000000003 0.1375 0.240625
0 0.7078125000000001 0.22890625 0.046875 0.060937500000000006
0 0.6234375000000001 0.2578125 0.134375 0.1125
0 0.5796875 0.31015625 0.028125 0.029687500000000002
0 0.35078125000000004 0.403125 0.0921875 0.10625000000000001
0 0.30078125 0.54140625 0.1390625 0.1265625
0 0.209375 0.5109375 0.053125000000000006 0.06875
0 0.27890625 0.46015625000000004 0.0328125 0.0421875
0 0.48984375 0.5828125000000001 0.029687500000000002 0.037500000000000006
0 0.603125 0.5484375 0.1625 0.14375000000000002
0 0.7093750000000001 0.49609375 0.043750000000000004 0.0421875
0 0.5546875 0.640625 0.1375 0.1125
0 0.5046875000000001 0.69296875 0.06875 0.0578125
0 0.6859375000000001 0.7546875000000001 0.08750000000000001 0.07500000000000001
0 0.68359375 0.7093750000000001 0.029687500000000002 0.028125
