0 0.35546875 0.6453125000000001 0.0578125 0.046875
0 0.41171875 0.49921875000000004 0.060937500000000006 0.06406250000000001
0 0.340625 0.38515625000000003 0.14375000000000002 0.1453125
0 0.48359375000000004 0.25546875 0.2890625 0.2578125
0 0.1546875 0.55078125 0.10312500000000001 0.1328125
0 0.24140625000000002 0.5609375 0.0421875 0.034375
0 0.28515625 0.5078125 0.035937500000000004 0.03125
0 0.37734375000000003 0.79453125 0.19843750000000002 0.1953125
0 0.49609375 0.72578125 0.0578125 0.06406250000000001
0 0.26875 0.875 0.096875 0.09062500000000001
0 0.30625 0.9015625 0.046875 0.037500000000000006
0 0.565625 0.69921875 0.08125 0.0859375
0 0.77734375 0.509375 0.3359375 0.29375
0 0.21015625000000002 0.4078125 0.035937500000000004 0.03125
