0 0.2484375 0.30390625000000004 0.16875 0.13593750000000002
0 0.3984375 0.25234375000000003 0.059375000000000004 0.0546875
0 0.47890625000000003 0.22031250000000002 0.0578125 0.059375000000000004
0 0.340625 0.0921875 0.11875000000000001 0.1125
0 0.25078125 0.11484375000000001 0.0859375 0.1203125
0 0.46328125000000003 0.30781250000000004 0.1046875 0.07187500000000001
0 0.43281250000000004 0.41250000000000003 0.05 0.05
0 0.2828125 0.465625 0.109375 0.09375
0 0.20703125 0.40625 0.0484375 0.037500000000000006
0 0.40156250000000004 0.56953125 0.05 0.0578125
0 0.18984375 0.634375 0.026562500000000003 0.025
0 0.4734375 0.5296875 0.12187500000000001 0.10625000000000001
0 0.58359375 0.56953125 0.029687500000000002 0.029687500000000002
0 0.65625 0.41328125000000004 0.03125 0.0390625
0 0.6898437500000001 0.50546875 0.1640625 0.2484375
