0 0.6351562500000001 0.7117187500000001 0.09531250000000001 0.1296875
0 0.6117187500000001 0.6328125 0.045312500000000006 0.046875
0 0.6664062500000001 0.55234375 0.1203125 0.09843750000000001
0 0.7234375000000001 0.49375 0.059375000000000004 0.065625
0 0.75390625 0.53359375 0.0484375 0.051562500000000004
0 0.7796875000000001 0.4609375 0.05 0.05
0 0.8125 0.42812500000000003 0.059375000000000004 0.065625
0 0.8515625 0.390625 0.05625 0.05
0 0.45859375 0.26015625000000003 0.1703125 0.2421875
0 0.37343750000000003 0.48281250000000003 0.08750000000000001 0.1125
0 0.2609375 0.42265625 0.037500000000000006 0.035937500000000004
0 0.37031250000000004 0.5703125 0.046875 0.037500000000000006
0 0.39609375 0.58828125 0.0328125 0.029687500000000002
0 0.446875 0.6820312500000001 0.2625 0.17343750000000002
0 0.42421875000000003 0.81796875 0.2734375 0.2171875
