0 0.33125000000000004 0.5328125 0.0625 0.053125000000000006
0 0.26406250000000003 0.54609375 0.046875 0.051562500000000004
0 0.32734375000000004 0.603125 0.0421875 0.043750000000000004
0 0.2421875 0.6390625000000001 0.12187500000000001 0.10312500000000001
0 0.40234375 0.60546875 0.035937500000000004 0.0421875
0 0.57265625 0.68515625 0.0328125 0.0328125
0 0.6726562500000001 0.5421875 0.17343750000000002 0.184375
0 0.6468750000000001 0.4140625 0.09062500000000001 0.078125
0 0.7742187500000001 0.38125000000000003 0.0328125 0.043750000000000004
0 0.48046875 0.27968750000000003 0.1015625 0.12812500000000002
0 0.5734375 0.31093750000000003 0.053125000000000006 0.046875
0 0.51484375 0.36875 0.0578125 0.046875
0 0.5546875 0.40859375000000003 0.11875000000000001 0.1234375
