0 0.48359375000000004 0.34765625 0.045312500000000006 0.060937500000000006
0 0.534375 0.76484375 0.08750000000000001 0.11406250000000001
0 0.4453125 0.7273437500000001 0.053125000000000006 0.0390625
0 0.5125000000000001 0.675 0.053125000000000006 0.043750000000000004
0 0.44609375 0.671875 0.0390625 0.043750000000000004
0 0.49296875 0.54296875 0.1390625 0.2015625
0 0.33203125 0.55859375 0.0671875 0.0890625
0 0.38671875 0.37265625 0.18281250000000002 0.1640625
0 0.20234375000000002 0.46406250000000004 0.0328125 0.034375
0 0.225 0.40390625 0.025 0.026562500000000003
0 0.30078125 0.45078125 0.0234375 0.0328125
