0 0.5906250000000001 0.6203125 0.053125000000000006 0.05625
0 0.7015625000000001 0.51875 0.05 0.053125000000000006
0 0.76171875 0.3953125 0.0546875 0.05625
0 0.790625 0.496875 0.1875 0.16875
0 0.634375 0.4078125 0.05625 0.05
0 0.49921875000000004 0.28828125 0.06406250000000001 0.060937500000000006
0 0.38125000000000003 0.26328125 0.046875 0.0546875
0 0.33359375 0.40390625 0.1390625 0.1546875
0 0.446875 0.40625 0.05 0.043750000000000004
0 0.478125 0.46640625 0.046875 0.051562500000000004
0 0.5171875 0.56484375 0.11875000000000001 0.1265625
0 0.59375 0.47265625 0.05625 0.0578125
