0 0.109375 0.5140625 0.05 0.046875
0 0.16484375 0.49296875 0.051562500000000004 0.06406250000000001
0 0.21015625000000002 0.46875 0.0390625 0.046875
0 0.28828125 0.4546875 0.0546875 0.05625
0 0.26328125 0.39687500000000003 0.0484375 0.05
0 0.36171875000000003 0.41328125000000004 0.1171875 0.0703125
0 0.5085937500000001 0.509375 0.0671875 0.05
0 0.5554687500000001 0.56953125 0.035937500000000004 0.026562500000000003
0 0.6351562500000001 0.59921875 0.0671875 0.1015625
0 0.7273437500000001 0.7039062500000001 0.035937500000000004 0.035937500000000004
0 0.6734375 0.50703125 0.040625 0.0328125
0 0.45 0.35390625000000003 0.040625 0.0484375
0 0.44921875 0.265625 0.051562500000000004 0.12812500000000002
0 0.6328125 0.359375 0.246875 0.1125
0 0.7132812500000001 0.23046875 0.2546875 0.1484375
