0 0.26406250000000003 0.5710937500000001 0.046875 0.026562500000000003
0 0.31093750000000003 0.6734375 0.078125 0.09062500000000001
0 0.42031250000000003 0.6828125 0.125 0.07187500000000001
0 0.4890625 0.56484375 0.12812500000000002 0.09531250000000001
0 0.59921875 0.52265625 0.0546875 0.0671875
0 0.66328125 0.50390625 0.0484375 0.0578125
0 0.69140625 0.53125 0.0859375 0.115625
0 0.50546875 0.28203125 0.06406250000000001 0.0921875
0 0.50546875 0.39453125 0.18281250000000002 0.1390625
0 0.36250000000000004 0.31796875 0.0625 0.0703125
0 0.384375 0.41250000000000003 0.046875 0.10312500000000001
0 0.22109375 0.43281250000000004 0.051562500000000004 0.043750000000000004
0 0.2 0.3125 0.07500000000000001 0.0625
0 0.28515625 0.2734375 0.0234375 0.034375
0 0.09062500000000001 0.4375 0.03125 0.034375
0 0.28984375 0.5046875000000001 0.0203125 0.03125
0 0.2609375 0.5390625 0.021875000000000002 0.021875000000000002
0 0.10546875 0.359375 0.026562500000000003 0.03125
