0 0.58515625 0.40859375000000003 0.0421875 0.0390625
0 0.5625 0.33437500000000003 0.1375 0.178125
0 0.6429687500000001 0.25703125 0.1265625 0.15156250000000002
0 0.41796875 0.52734375 0.0578125 0.0578125
0 0.27578125000000003 0.3203125 0.0328125 0.03125
0 0.51796875 0.6265625 0.0546875 0.053125000000000006
0 0.48515625 0.74765625 0.0484375 0.0421875
0 0.7015625000000001 0.61328125 0.096875 0.11093750000000001
0 0.8187500000000001 0.625 0.040625 0.046875
0 0.80859375 0.68515625 0.035937500000000004 0.0328125
