0 0.6156250000000001 0.32343750000000004 0.259375 0.15625
0 0.48828125 0.47968750000000004 0.15156250000000002 0.125
0 0.33515625000000004 0.57578125 0.1453125 0.1859375
0 0.31562500000000004 0.6859375000000001 0.05625 0.046875
0 0.4078125 0.7359375 0.0625 0.043750000000000004
0 0.2421875 0.57421875 0.109375 0.1078125
0 0.13359375 0.5203125000000001 0.11406250000000001 0.10625000000000001
0 0.19687500000000002 0.33828125000000003 0.25625000000000003 0.2484375
0 0.32734375000000004 0.28750000000000003 0.07968750000000001 0.1375
0 0.35859375000000004 0.38203125000000004 0.035937500000000004 0.051562500000000004
0 0.39765625000000004 0.31171875000000004 0.0328125 0.0328125
0 0.41015625 0.21328125 0.051562500000000004 0.0671875
0 0.45 0.26484375 0.07187500000000001 0.06406250000000001
0 0.45 0.64375 0.03125 0.043750000000000004
