0 0.6859375000000001 0.27578125000000003 0.19062500000000002 0.1640625
0 0.86640625 0.3046875 0.06406250000000001 0.059375000000000004
0 0.90546875 0.40468750000000003 0.1171875 0.109375
0 0.8140625 0.48515625 0.1 0.11093750000000001
0 0.6117187500000001 0.5281250000000001 0.0890625 0.17500000000000002
0 0.5390625 0.5398437500000001 0.034375 0.029687500000000002
0 0.5109375 0.6875 0.053125000000000006 0.043750000000000004
0 0.6265625 0.6515625 0.06875 0.08750000000000001
0 0.48984375 0.578125 0.0390625 0.043750000000000004
0 0.6921875000000001 0.51015625 0.040625 0.07968750000000001
