0 0.5375 0.49921875000000004 0.053125000000000006 0.06406250000000001
0 0.7984375 0.565625 0.109375 0.10312500000000001
0 0.6843750000000001 0.29453125 0.30625 0.3640625
0 0.7875000000000001 0.34140625 0.13125 0.1453125
0 0.7585937500000001 0.44609375 0.035937500000000004 0.035937500000000004
0 0.69296875 0.43203125000000003 0.06406250000000001 0.0703125
0 0.47968750000000004 0.31171875000000004 0.21250000000000002 0.2234375
0 0.52890625 0.38828125 0.045312500000000006 0.0421875
0 0.296875 0.61484375 0.23125 0.2546875
0 0.36796875 0.50390625 0.06406250000000001 0.0546875
0 0.49765625 0.48125 0.0578125 0.05625
