0 0.74921875 0.37578125 0.1546875 0.1046875
0 0.81953125 0.4421875 0.0703125 0.053125000000000006
0 0.765625 0.50390625 0.040625 0.0578125
0 0.628125 0.5593750000000001 0.015625 0.021875000000000002
0 0.5867187500000001 0.63203125 0.0765625 0.08281250000000001
0 0.46484375 0.6507812500000001 0.0671875 0.0484375
0 0.6585937500000001 0.34765625 0.2515625 0.1921875
0 0.43125 0.35234375 0.125 0.07968750000000001
0 0.5203125000000001 0.15859375 0.1 0.0671875
0 0.42734375 0.19921875 0.029687500000000002 0.029687500000000002
0 0.49062500000000003 0.32109375 0.025 0.0171875
