0 0.8054687500000001 0.553125 0.17343750000000002 0.13125
0 0.8406250000000001 0.45703125 0.078125 0.06406250000000001
0 0.7601562500000001 0.42500000000000004 0.051562500000000004 0.065625
0 0.6039062500000001 0.4375 0.0203125 0.025
0 0.53125 0.38906250000000003 0.09062500000000001 0.096875
0 0.4078125 0.4296875 0.07500000000000001 0.059375000000000004
0 0.73359375 0.6218750000000001 0.2859375 0.23750000000000002
0 0.51796875 0.7265625 0.1390625 0.1
0 0.6937500000000001 0.86640625 0.109375 0.0859375
0 0.5875 0.8734375000000001 0.034375 0.034375
0 0.58828125 0.7265625 0.026562500000000003 0.021875000000000002
