0 0.71796875 0.67890625 0.060937500000000006 0.0484375
0 0.6765625000000001 0.7390625000000001 0.078125 0.08750000000000001
0 0.625 0.76171875 0.028125 0.029687500000000002
0 0.7015625000000001 0.6078125000000001 0.16875 0.10625000000000001
0 0.5625 0.55703125 0.08125 0.045312500000000006
0 0.54140625 0.47734375 0.08281250000000001 0.1234375
0 0.40234375 0.35390625000000003 0.2171875 0.2546875
0 0.37109375 0.49375 0.0328125 0.040625
0 0.63046875 0.46171875 0.060937500000000006 0.051562500000000004
0 0.65 0.35468750000000004 0.084375 0.07187500000000001
0 0.6390625000000001 0.403125 0.025 0.03125
0 0.77890625 0.45937500000000003 0.035937500000000004 0.03125
0 0.503125 0.6179687500000001 0.03125 0.0328125
