0 0.1875 0.46171875 0.240625 0.1484375
0 0.23046875 0.5625 0.045312500000000006 0.040625
0 0.1390625 0.64765625 0.10625000000000001 0.09843750000000001
0 0.3796875 0.5734375 0.17500000000000002 0.19687500000000002
0 0.48359375000000004 0.6820312500000001 0.1953125 0.1390625
0 0.48281250000000003 0.59921875 0.046875 0.0390625
0 0.5109375 0.48125 0.0625 0.053125000000000006
0 0.56640625 0.328125 0.0890625 0.05625
0 0.5875 0.5640625 0.1125 0.10312500000000001
0 0.6703125000000001 0.6078125000000001 0.07500000000000001 0.0625
0 0.63671875 0.6796875 0.1265625 0.09375
