0 0.5234375 0.403125 0.07500000000000001 0.078125
0 0.6171875 0.54609375 0.065625 0.08281250000000001
0 0.67578125 0.48203125 0.0421875 0.0484375
0 0.47734375 0.50234375 0.0578125 0.051562500000000004
0 0.51015625 0.60078125 0.0484375 0.0390625
0 0.43515625 0.67734375 0.1296875 0.1328125
0 0.525 0.8093750000000001 0.08750000000000001 0.078125
0 0.58828125 0.8484375000000001 0.029687500000000002 0.025
0 0.5328125 0.6960937500000001 0.028125 0.0328125
0 0.6492187500000001 0.63046875 0.0765625 0.0734375
0 0.7210937500000001 0.57421875 0.035937500000000004 0.0484375
0 0.7828125 0.6140625000000001 0.125 0.12812500000000002
0 0.8460937500000001 0.55625 0.0234375 0.028125
0 0.7703125000000001 0.49921875000000004 0.10625000000000001 0.09843750000000001
0 0.8539062500000001 0.478125 0.0484375 0.0625
0 0.8718750000000001 0.540625 0.06875 0.09375
