0 0.535 0.7691666666666667 0.075 0.10833333333333334
0 0.64 0.7916666666666667 0.0725 0.08666666666666667
0 0.46375 0.5658333333333334 0.055 0.07166666666666667
0 0.294375 0.5708333333333334 0.02625 0.035
0 0.5906250000000001 0.48333333333333334 0.04125 0.05333333333333334
0 0.6275000000000001 0.48583333333333334 0.02 0.028333333333333335
0 0.6225 0.5541666666666667 0.105 0.11166666666666668
0 0.555625 0.3766666666666667 0.05375 0.06333333333333334
0 0.561875 0.42583333333333334 0.03125 0.03833333333333334
0 0.625 0.39 0.055 0.07
0 0.673125 0.43000000000000005 0.06625 0.08333333333333334
0 0.69125 0.34 0.10250000000000001 0.1366666666666667
