0 0.415625 0.7433333333333334 0.06375 0.10333333333333335
0 0.463125 0.6766666666666667 0.043750000000000004 0.05
0 0.413125 0.6641666666666667 0.04875 0.058333333333333334
0 0.52 0.6633333333333333 0.0425 0.043333333333333335
0 0.504375 0.6241666666666668 0.02625 0.021666666666666667
0 0.469375 0.5883333333333334 0.03375 0.04
0 0.438125 0.6016666666666667 0.01125 0.016666666666666666
0 0.42812500000000003 0.5391666666666667 0.08625000000000001 0.06833333333333334
0 0.504375 0.3666666666666667 0.04125 0.07666666666666667
0 0.359375 0.35500000000000004 0.05375 0.05333333333333334
0 0.55125 0.4675 0.04 0.05166666666666667
0 0.69125 0.395 0.0175 0.02
