0 0.52625 0.685 0.1 0.10333333333333335
0 0.588125 0.6925 0.08875 0.10833333333333334
0 0.658125 0.62 0.07625 0.09333333333333334
0 0.598125 0.5316666666666667 0.07875 0.09333333333333334
0 0.58 0.42250000000000004 0.04 0.06833333333333334
0 0.6125 0.2833333333333333 0.035 0.05
0 0.568125 0.2541666666666667 0.10625 0.15166666666666667
0 0.515625 0.5041666666666667 0.04125 0.04833333333333334
0 0.419375 0.76 0.20125 0.25
0 0.32625 0.35000000000000003 0.115 0.15000000000000002
0 0.236875 0.305 0.03125 0.04
0 0.23625000000000002 0.36250000000000004 0.0225 0.028333333333333335
