0 0.775 0.4058333333333334 0.08 0.16166666666666668
0 0.7625000000000001 0.6858333333333334 0.1275 0.16833333333333333
0 0.87 0.7183333333333334 0.03 0.04
0 0.865 0.6475000000000001 0.025 0.03166666666666667
0 0.604375 0.2316666666666667 0.22125 0.2733333333333334
0 0.49062500000000003 0.4033333333333334 0.04125 0.07
0 0.51375 0.4416666666666667 0.03 0.04666666666666667
0 0.530625 0.5033333333333334 0.03625 0.05
0 0.5625 0.5708333333333334 0.0225 0.04166666666666667
0 0.45375 0.48750000000000004 0.0525 0.07166666666666667
0 0.4475 0.5541666666666667 0.055 0.07500000000000001
0 0.38125000000000003 0.5158333333333334 0.105 0.12833333333333335
0 0.45687500000000003 0.6591666666666667 0.043750000000000004 0.08833333333333333
0 0.4375 0.8225 0.0375 0.055
0 0.495 0.8466666666666667 0.1225 0.18000000000000002
