0 0.77125 0.33666666666666667 0.0425 0.07
0 0.75 0.29583333333333334 0.09 0.10833333333333334
0 0.849375 0.2816666666666667 0.03125 0.04
0 0.8512500000000001 0.3541666666666667 0.025 0.03166666666666667
0 0.756875 0.5391666666666667 0.10125 0.165
0 0.62875 0.8025000000000001 0.2325 0.28833333333333333
0 0.43 0.7225 0.11750000000000001 0.155
0 0.355 0.625 0.085 0.10333333333333335
0 0.43 0.54 0.11 0.13333333333333333
0 0.448125 0.4 0.04625 0.08
0 0.41500000000000004 0.24083333333333334 0.0375 0.05166666666666667
0 0.469375 0.20916666666666667 0.12625 0.17500000000000002
