0 0.7210937500000001 0.5945312500000001 0.026562500000000003 0.029687500000000002
0 0.6156250000000001 0.48750000000000004 0.034375 0.046875
0 0.6820312500000001 0.53125 0.045312500000000006 0.05625
0 0.6265625 0.60546875 0.043750000000000004 0.0328125
0 0.39687500000000003 0.6359375 0.06875 0.078125
0 0.50546875 0.6015625 0.0578125 0.07187500000000001
0 0.275 0.5007812500000001 0.043750000000000004 0.035937500000000004
0 0.3515625 0.359375 0.09062500000000001 0.1
0 0.29531250000000003 0.26875 0.025 0.034375
0 0.2625 0.30078125 0.025 0.0203125
0 0.20625000000000002 0.20859375000000002 0.028125 0.0421875
0 0.61875 0.31015625 0.15937500000000002 0.2515625
0 0.38359375 0.24375000000000002 0.029687500000000002 0.05625
0 0.7890625 0.51796875 0.15937500000000002 0.2421875
