0 0.36640625000000004 0.65546875 0.026562500000000003 0.029687500000000002
0 0.42500000000000004 0.521875 0.034375 0.046875
0 0.3796875 0.584375 0.046875 0.05625
0 0.45546875000000003 0.6335937500000001 0.0421875 0.0328125
0 0.6765625000000001 0.58359375 0.06875 0.0765625
0 0.565625 0.5890625 0.05625 0.07187500000000001
0 0.7421875 0.41875 0.043750000000000004 0.037500000000000006
0 0.6234375000000001 0.31562500000000004 0.09062500000000001 0.1
0 0.64375 0.21406250000000002 0.025 0.034375
0 0.68515625 0.23125 0.0234375 0.021875000000000002
0 0.7054687500000001 0.12812500000000002 0.029687500000000002 0.040625
0 0.36328125 0.36171875000000003 0.1609375 0.2484375
0 0.5546875 0.22109375 0.03125 0.0546875
0 0.27734375 0.60859375 0.1609375 0.2390625
