0 0.5546875 0.4234375 0.1875 0.18125000000000002
0 0.6609375000000001 0.43671875000000004 0.028125 0.0328125
0 0.4890625 0.2984375 0.034375 0.03125
0 0.43828125 0.56953125 0.0859375 0.11406250000000001
0 0.53125 0.71875 0.0625 0.05625
0 0.5007812500000001 0.75546875 0.035937500000000004 0.035937500000000004
0 0.45703125 0.79453125 0.0484375 0.0484375
0 0.3953125 0.47968750000000004 0.0625 0.053125000000000006
0 0.31093750000000003 0.4625 0.059375000000000004 0.059375000000000004
0 0.178125 0.53046875 0.24375000000000002 0.20468750000000002
0 0.59296875 0.33515625000000004 0.026562500000000003 0.029687500000000002
0 0.45 0.46875 0.028125 0.025
0 0.49921875000000004 0.11406250000000001 0.035937500000000004 0.03125
