0 0.28515625 0.7453125 0.32656250000000003 0.296875
0 0.47968750000000004 0.48515625 0.059375000000000004 0.0546875
0 0.5328125 0.37109375 0.115625 0.1234375
0 0.42109375000000004 0.371875 0.0578125 0.059375000000000004
0 0.30546875 0.2703125 0.15156250000000002 0.16875
0 0.3328125 0.36953125000000003 0.053125000000000006 0.0484375
0 0.46640625 0.26953125 0.029687500000000002 0.0328125
0 0.68125 0.50234375 0.037500000000000006 0.0421875
0 0.753125 0.6390625000000001 0.037500000000000006 0.037500000000000006
0 0.66015625 0.7546875000000001 0.1484375 0.1375
