0 0.65234375 0.38125000000000003 0.1921875 0.2625
0 0.5281250000000001 0.41953125 0.028125 0.029687500000000002
0 0.43046875 0.553125 0.0390625 0.043750000000000004
0 0.32656250000000003 0.6429687500000001 0.046875 0.045312500000000006
0 0.20546875 0.63828125 0.0734375 0.0578125
0 0.259375 0.70859375 0.037500000000000006 0.0390625
0 0.6937500000000001 0.6414062500000001 0.125 0.060937500000000006
0 0.6515625 0.72578125 0.140625 0.1078125
0 0.7953125000000001 0.79453125 0.11875000000000001 0.1078125
0 0.67578125 0.8914062500000001 0.18906250000000002 0.1546875
