0 0.75546875 0.6937500000000001 0.2671875 0.265625
0 0.525 0.7992187500000001 0.065625 0.060937500000000006
0 0.49062500000000003 0.6664062500000001 0.043750000000000004 0.0421875
0 0.6828125 0.48281250000000003 0.078125 0.0625
0 0.59375 0.45859375 0.0625 0.0546875
0 0.42109375000000004 0.40625 0.060937500000000006 0.06875
0 0.62265625 0.4140625 0.051562500000000004 0.05625
0 0.6195312500000001 0.35390625000000003 0.0390625 0.0421875
0 0.61875 0.27421875 0.053125000000000006 0.06406250000000001
0 0.61875 0.74609375 0.040625 0.0390625
0 0.39296875000000003 0.7742187500000001 0.1328125 0.1703125
0 0.22031250000000002 0.3171875 0.30000000000000004 0.34375
