0 0.43515625 0.45 0.1234375 0.2
0 0.28046875 0.43203125000000003 0.13593750000000002 0.16718750000000002
0 0.53359375 0.47734375 0.029687500000000002 0.0328125
0 0.53359375 0.58515625 0.045312500000000006 0.0421875
0 0.63046875 0.5593750000000001 0.1640625 0.10625000000000001
0 0.5906250000000001 0.6484375 0.08125 0.065625
0 0.6273437500000001 0.6859375000000001 0.060937500000000006 0.05
0 0.7273437500000001 0.80859375 0.045312500000000006 0.035937500000000004
0 0.77890625 0.7359375 0.0390625 0.046875
0 0.75 0.6765625000000001 0.065625 0.046875
0 0.71484375 0.74765625 0.026562500000000003 0.0234375
0 0.48046875 0.8601562500000001 0.026562500000000003 0.0328125
0 0.43281250000000004 0.88046875 0.034375 0.035937500000000004
0 0.43984375000000003 0.7820312500000001 0.0671875 0.0578125
0 0.3984375 0.7679687500000001 0.096875 0.1015625
0 0.39765625000000004 0.14609375 0.0546875 0.045312500000000006
