0 0.40234375 0.46171875 0.15156250000000002 0.1046875
0 0.4859375 0.52265625 0.05625 0.045312500000000006
0 0.384375 0.59296875 0.03125 0.0390625
0 0.33203125 0.6882812500000001 0.0703125 0.0703125
0 0.31640625 0.7515625 0.035937500000000004 0.053125000000000006
0 0.17343750000000002 0.56953125 0.043750000000000004 0.045312500000000006
0 0.27890625 0.49531250000000004 0.0546875 0.05625
0 0.26328125 0.61484375 0.026562500000000003 0.029687500000000002
0 0.5921875 0.8703125 0.028125 0.03125
0 0.64609375 0.88984375 0.0421875 0.0390625
0 0.62890625 0.78671875 0.0703125 0.0546875
0 0.65546875 0.74765625 0.060937500000000006 0.060937500000000006
0 0.8234375 0.5828125000000001 0.078125 0.1375
0 0.84765625 0.71796875 0.0484375 0.0890625
0 0.7046875 0.45625000000000004 0.040625 0.040625
0 0.625 0.296875 0.05625 0.053125000000000006
0 0.6234375000000001 0.34765625 0.08125 0.06406250000000001
0 0.48281250000000003 0.40234375 0.037500000000000006 0.035937500000000004
0 0.53828125 0.32265625000000003 0.0421875 0.035937500000000004
0 0.5453125 0.28203125 0.05625 0.0484375
0 0.553125 0.21875 0.065625 0.0625
0 0.37578125 0.38515625000000003 0.045312500000000006 0.0421875
0 0.44140625 0.38671875 0.029687500000000002 0.026562500000000003
