0 0.27187500000000003 0.70703125 0.034375 0.0328125
0 0.2265625 0.6875 0.034375 0.034375
0 0.29609375 0.634375 0.0671875 0.05625
0 0.27968750000000003 0.59296875 0.10312500000000001 0.1015625
0 0.284375 0.3640625 0.034375 0.037500000000000006
0 0.15859375 0.36328125 0.0484375 0.0484375
0 0.278125 0.41796875 0.028125 0.0328125
0 0.30859375 0.2671875 0.060937500000000006 0.0625
0 0.33359375 0.22187500000000002 0.045312500000000006 0.053125000000000006
0 0.5546875 0.3453125 0.07500000000000001 0.065625
0 0.5890625 0.31640625 0.0625 0.0578125
0 0.65390625 0.35234375 0.0546875 0.0484375
0 0.6328125 0.384375 0.037500000000000006 0.037500000000000006
0 0.6820312500000001 0.309375 0.0765625 0.06875
0 0.69921875 0.5171875 0.0421875 0.040625
0 0.6203125 0.46875 0.040625 0.037500000000000006
0 0.6570312500000001 0.48125 0.035937500000000004 0.034375
0 0.553125 0.5484375 0.0625 0.053125000000000006
0 0.6359375 0.54609375 0.12187500000000001 0.09531250000000001
