0 0.76953125 0.671875 0.2109375 0.08750000000000001
0 0.63046875 0.41484375 0.1859375 0.1859375
0 0.5750000000000001 0.2828125 0.06875 0.065625
0 0.7664062500000001 0.30781250000000004 0.1046875 0.078125
0 0.25546875 0.5867187500000001 0.045312500000000006 0.0546875
0 0.37031250000000004 0.50625 0.025 0.037500000000000006
0 0.39687500000000003 0.5578125 0.025 0.03125
0 0.33437500000000003 0.403125 0.053125000000000006 0.0625
0 0.16171875000000002 0.49453125000000003 0.045312500000000006 0.0421875
0 0.328125 0.34140625 0.034375 0.0546875
