2 0.5609375 0.7093750000000001 0.125 0.11875000000000001
2 0.43359375 0.6125 0.13593750000000002 0.146875
2 0.3609375 0.65 0.07500000000000001 0.07500000000000001
2 0.47421875 0.8445312500000001 0.2671875 0.2578125
2 0.30781250000000004 0.509375 0.240625 0.225
2 0.14765625000000002 0.49765625 0.0921875 0.0734375
2 0.10312500000000001 0.40468750000000003 0.07500000000000001 0.078125
2 0.48515625 0.42109375000000004 0.0859375 0.09843750000000001
1 0.6046875 0.40546875000000004 0.384375 0.4140625
1 0.73203125 0.6703125000000001 0.4609375 0.4
