0 0.39609375 0.59296875 0.09843750000000001 0.0890625
0 0.70234375 0.57265625 0.045312500000000006 0.045312500000000006
0 0.40390625 0.765625 0.0421875 0.05625
0 0.26406250000000003 0.76484375 0.034375 0.0703125
0 0.35390625000000003 0.9046875000000001 0.035937500000000004 0.046875
0 0.41484375 0.8265625000000001 0.0203125 0.037500000000000006
0 0.20546875 0.48281250000000003 0.06406250000000001 0.06875
0 0.26796875000000003 0.43671875000000004 0.029687500000000002 0.045312500000000006
0 0.36484375 0.5109375 0.045312500000000006 0.05
0 0.32890625 0.44921875 0.0671875 0.0734375
0 0.20468750000000002 0.35546875 0.03125 0.029687500000000002
0 0.4296875 0.29296875 0.134375 0.1609375
0 0.11406250000000001 0.45078125 0.03125 0.0390625
