0 0.25234375000000003 0.2265625 0.0390625 0.053125000000000006
0 0.19375 0.37421875000000004 0.034375 0.0484375
0 0.31640625 0.34218750000000003 0.045312500000000006 0.053125000000000006
0 0.31328125 0.47890625000000003 0.035937500000000004 0.051562500000000004
0 0.35546875 0.49296875 0.0703125 0.09531250000000001
0 0.47265625 0.43828125 0.07968750000000001 0.1234375
0 0.5125000000000001 0.56953125 0.043750000000000004 0.051562500000000004
0 0.6312500000000001 0.7078125000000001 0.040625 0.046875
0 0.6390625000000001 0.57421875 0.043750000000000004 0.0421875
0 0.5710937500000001 0.51796875 0.1015625 0.09531250000000001
0 0.384375 0.7921875 0.259375 0.2625
0 0.33203125 0.65390625 0.029687500000000002 0.0328125
0 0.27109375 0.7054687500000001 0.0328125 0.029687500000000002
