0 0.17421875 0.2234375 0.0703125 0.021875000000000002
0 0.1453125 0.37109375 0.053125000000000006 0.035937500000000004
0 0.31093750000000003 0.35703125 0.059375000000000004 0.035937500000000004
0 0.321875 0.41171875 0.1 0.0671875
0 0.078125 0.37265625 0.034375 0.026562500000000003
0 0.28515625 0.70703125 0.060937500000000006 0.08281250000000001
0 0.40156250000000004 0.75546875 0.05 0.0859375
0 0.58046875 0.7125 0.0484375 0.140625
0 0.41875 0.84921875 0.065625 0.060937500000000006
0 0.4453125 0.915625 0.178125 0.1375
0 0.55625 0.51796875 0.11875000000000001 0.09843750000000001
0 0.47265625 0.37890625 0.0390625 0.060937500000000006
0 0.56953125 0.36328125 0.09843750000000001 0.09843750000000001
0 0.578125 0.27421875 0.034375 0.0421875
