0 0.7328125000000001 0.22578125000000002 0.0625 0.0328125
0 0.7875000000000001 0.340625 0.05 0.040625
0 0.6484375 0.36484375 0.05625 0.0421875
0 0.65 0.41171875 0.096875 0.0765625
0 0.84296875 0.32734375000000004 0.0328125 0.029687500000000002
0 0.74375 0.6468750000000001 0.06875 0.08125
0 0.6578125 0.7125 0.059375000000000004 0.08125
0 0.5015625 0.71484375 0.06875 0.1265625
0 0.6640625 0.79296875 0.065625 0.06406250000000001
0 0.65625 0.8539062500000001 0.17500000000000002 0.15156250000000002
0 0.47968750000000004 0.55 0.11875000000000001 0.10625000000000001
0 0.51953125 0.41718750000000004 0.045312500000000006 0.059375000000000004
0 0.43671875000000004 0.42500000000000004 0.1015625 0.10312500000000001
0 0.41015625 0.35390625000000003 0.035937500000000004 0.0421875
