0 0.19453125000000002 0.57421875 0.0546875 0.0390625
0 0.13593750000000002 0.5625 0.034375 0.03125
0 0.19296875000000002 0.7046875 0.060937500000000006 0.028125
0 0.33671875 0.6117187500000001 0.0546875 0.035937500000000004
0 0.35625 0.5671875000000001 0.09375 0.07500000000000001
0 0.33906250000000004 0.40468750000000003 0.043750000000000004 0.040625
0 0.32578125 0.3015625 0.0921875 0.109375
0 0.46875 0.3359375 0.084375 0.08125
0 0.4453125 0.45937500000000003 0.065625 0.078125
0 0.4765625 0.625 0.043750000000000004 0.053125000000000006
0 0.55390625 0.7328125000000001 0.029687500000000002 0.043750000000000004
0 0.55859375 0.65625 0.1015625 0.1
0 0.60546875 0.5046875000000001 0.0421875 0.037500000000000006
0 0.51875 0.5320312500000001 0.065625 0.0328125
0 0.62890625 0.35781250000000003 0.0734375 0.12812500000000002
0 0.5265625 0.20468750000000002 0.043750000000000004 0.05625
0 0.5234375 0.12890625 0.09062500000000001 0.09843750000000001
0 0.5921875 0.19843750000000002 0.040625 0.0625
