0 0.7718750000000001 0.578125 0.053125000000000006 0.065625
0 0.8453125 0.43359375 0.046875 0.0546875
0 0.71015625 0.4625 0.0484375 0.053125000000000006
0 0.7585937500000001 0.42500000000000004 0.0328125 0.034375
0 0.6015625 0.5609375 0.046875 0.053125000000000006
0 0.5640625 0.5328125 0.08750000000000001 0.096875
0 0.5398437500000001 0.64609375 0.0484375 0.0546875
0 0.39375000000000004 0.565625 0.05 0.059375000000000004
0 0.33906250000000004 0.51484375 0.115625 0.11093750000000001
0 0.26484375 0.54453125 0.045312500000000006 0.0484375
0 0.45234375000000004 0.4375 0.1046875 0.11875000000000001
0 0.453125 0.765625 0.10625000000000001 0.08750000000000001
0 0.3953125 0.73828125 0.11875000000000001 0.1234375
0 0.52734375 0.8484375000000001 0.051562500000000004 0.05
0 0.4453125 0.86484375 0.05 0.045312500000000006
