1 0.25234375000000003 0.61875 0.3453125 0.34687500000000004
2 0.45 0.29531250000000003 0.18125000000000002 0.22812500000000002
2 0.6671875 0.4375 0.096875 0.065625
2 0.81171875 0.4625 0.1171875 0.078125
2 0.6882812500000001 0.5671875000000001 0.0765625 0.1625
2 0.7679687500000001 0.6140625000000001 0.0921875 0.1375
2 0.8601562500000001 0.6179687500000001 0.0703125 0.0734375
2 0.525 0.553125 0.059375000000000004 0.09375
2 0.58984375 0.63671875 0.13593750000000002 0.11093750000000001
2 0.6117187500000001 0.80234375 0.1453125 0.1078125
