2 0.31171875000000004 0.53828125 0.0921875 0.1296875
2 0.38906250000000003 0.58359375 0.059375000000000004 0.0734375
2 0.45546875000000003 0.6468750000000001 0.0734375 0.059375000000000004
2 0.47578125000000004 0.7117187500000001 0.060937500000000006 0.0671875
2 0.49765625 0.79609375 0.0546875 0.0671875
2 0.478125 0.515625 0.05 0.040625
2 0.5593750000000001 0.65546875 0.07500000000000001 0.0484375
2 0.5476562500000001 0.54609375 0.0890625 0.0578125
2 0.72421875 0.50625 0.11093750000000001 0.096875
1 0.50625 0.34453125 0.353125 0.4140625
