2 0.32343750000000004 0.38515625000000003 0.12812500000000002 0.15781250000000002
2 0.42578125 0.38593750000000004 0.07968750000000001 0.09062500000000001
2 0.5281250000000001 0.3609375 0.09062500000000001 0.078125
2 0.5859375 0.309375 0.078125 0.084375
2 0.65625 0.23828125 0.07187500000000001 0.08281250000000001
2 0.47500000000000003 0.503125 0.0625 0.053125000000000006
2 0.6351562500000001 0.41171875 0.0890625 0.0671875
2 0.5609375 0.51328125 0.10625000000000001 0.07968750000000001
2 0.7125 0.65546875 0.1375 0.1265625
1 0.403125 0.6898437500000001 0.465625 0.5140625
