1 0.44140625 0.5609375 0.3796875 0.40937500000000004
2 0.6648437500000001 0.7429687500000001 0.18281250000000002 0.15156250000000002
2 0.359375 0.6046875 0.07500000000000001 0.06875
2 0.44921875 0.53359375 0.0578125 0.0921875
2 0.27734375 0.51484375 0.0734375 0.0734375
2 0.20625000000000002 0.609375 0.043750000000000004 0.040625
2 0.65625 0.28046875 0.05625 0.0578125
2 0.640625 0.40234375 0.265625 0.2015625
2 0.5 0.31953125000000004 0.184375 0.18906250000000002
2 0.60703125 0.55 0.051562500000000004 0.0625
