0 0.6257812500000001 0.60703125 0.1203125 0.11406250000000001
0 0.5242187500000001 0.56015625 0.0390625 0.035937500000000004
0 0.5296875 0.49531250000000004 0.06875 0.053125000000000006
0 0.49296875 0.6195312500000001 0.1015625 0.0734375
0 0.46796875000000004 0.7421875 0.035937500000000004 0.034375
0 0.40625 0.57265625 0.034375 0.035937500000000004
0 0.7757812500000001 0.465625 0.3796875 0.265625
0 0.49609375 0.30390625000000004 0.0578125 0.06406250000000001
0 0.40234375 0.265625 0.0859375 0.07187500000000001
0 0.49531250000000004 0.19375 0.125 0.15937500000000002
0 0.596875 0.1953125 0.03125 0.037500000000000006
0 0.5945312500000001 0.115625 0.060937500000000006 0.0625
0 0.53046875 0.09609375 0.0421875 0.0421875
0 0.278125 0.28750000000000003 0.021875000000000002 0.025
0 0.1859375 0.23203125000000002 0.037500000000000006 0.029687500000000002
0 0.39609375 0.3640625 0.2015625 0.13125
0 0.39453125 0.42265625 0.029687500000000002 0.026562500000000003
0 0.36796875 0.47421875 0.029687500000000002 0.0234375
0 0.27578125000000003 0.390625 0.026562500000000003 0.021875000000000002
