0 0.325 0.45859375 0.21875 0.15781250000000002
0 0.36328125 0.5578125 0.0234375 0.021875000000000002
0 0.19375 0.44062500000000004 0.021875000000000002 0.018750000000000003
0 0.08750000000000001 0.4421875 0.040625 0.03125
0 0.3453125 0.33203125 0.25 0.2015625
0 0.4765625 0.23593750000000002 0.215625 0.321875
0 0.6109375 0.64609375 0.10625000000000001 0.1234375
0 0.5171875 0.671875 0.025 0.034375
0 0.6195312500000001 0.734375 0.0421875 0.040625
0 0.55234375 0.7523437500000001 0.06406250000000001 0.0765625
0 0.64453125 0.49609375 0.0328125 0.035937500000000004
0 0.6796875 0.47421875 0.028125 0.029687500000000002
0 0.6804687500000001 0.34375 0.0671875 0.06875
0 0.84921875 0.4234375 0.0703125 0.06875
