2 0.63046875 0.7265625 0.1453125 0.15937500000000002
2 0.58046875 0.6171875 0.1421875 0.13125
2 0.58125 0.5421875 0.078125 0.06875
2 0.571875 0.46015625000000004 0.09375 0.1171875
2 0.48046875 0.50390625 0.0546875 0.0578125
2 0.4890625 0.43515625 0.037500000000000006 0.0421875
2 0.51171875 0.39921875 0.060937500000000006 0.0703125
2 0.5140625 0.32421875 0.059375000000000004 0.045312500000000006
2 0.5609375 0.36171875000000003 0.05625 0.0890625
2 0.63046875 0.35390625000000003 0.1265625 0.1390625
2 0.75390625 0.39375000000000004 0.0578125 0.06875
2 0.69921875 0.4765625 0.09531250000000001 0.109375
1 0.43359375 0.253125 0.3046875 0.25625000000000003
