3 0.5953125 0.7937500000000001 0.08125 0.065625
3 0.5296875 0.6937500000000001 0.08125 0.065625
3 0.38203125000000004 0.6046875 0.051562500000000004 0.053125000000000006
3 0.42031250000000003 0.56015625 0.0625 0.0671875
3 0.31953125000000004 0.4703125 0.18281250000000002 0.15937500000000002
3 0.6625000000000001 0.5015625 0.06875 0.059375000000000004
3 0.58984375 0.56640625 0.060937500000000006 0.0484375
3 0.60546875 0.446875 0.06406250000000001 0.059375000000000004
3 0.5476562500000001 0.4296875 0.0421875 0.043750000000000004
3 0.4921875 0.44453125000000004 0.06875 0.06406250000000001
3 0.8757812500000001 0.73359375 0.21406250000000002 0.2546875
3 0.7429687500000001 0.4890625 0.1640625 0.184375
