3 0.39765625000000004 0.703125 0.051562500000000004 0.037500000000000006
3 0.46171875 0.65234375 0.0546875 0.07968750000000001
3 0.6820312500000001 0.5867187500000001 0.22031250000000002 0.2015625
3 0.859375 0.43046875 0.07500000000000001 0.0703125
3 0.7820312500000001 0.309375 0.0734375 0.053125000000000006
3 0.2859375 0.5632812500000001 0.09375 0.09531250000000001
3 0.32656250000000003 0.4375 0.215625 0.11875000000000001
3 0.42421875000000003 0.35234375 0.08281250000000001 0.0765625
3 0.58515625 0.40468750000000003 0.1453125 0.09375
3 0.534375 0.31640625 0.10625000000000001 0.07968750000000001
3 0.565625 0.1390625 0.23125 0.246875
