0 0.1703125 0.43281250000000004 0.043750000000000004 0.05
0 0.1265625 0.28984375 0.028125 0.060937500000000006
0 0.15234375 0.36640625000000004 0.0234375 0.0328125
0 0.37031250000000004 0.35546875 0.05 0.06406250000000001
0 0.55390625 0.43281250000000004 0.0484375 0.065625
0 0.38906250000000003 0.6531250000000001 0.034375 0.037500000000000006
0 0.5171875 0.71875 0.03125 0.040625
0 0.45078125 0.5476562500000001 0.0203125 0.0234375
0 0.4265625 0.7921875 0.025 0.028125
0 0.5203125000000001 0.8851562500000001 0.021875000000000002 0.0328125
0 0.24296875 0.48828125 0.0234375 0.0234375
0 0.775 0.33125000000000004 0.018750000000000003 0.025
