3 0.48125 0.5609375 0.043750000000000004 0.040625
3 0.734375 0.58515625 0.05625 0.051562500000000004
3 0.63828125 0.6015625 0.1046875 0.11875000000000001
3 0.56796875 0.66015625 0.0421875 0.045312500000000006
3 0.3640625 0.6265625 0.19375 0.209375
3 0.53359375 0.403125 0.1421875 0.09062500000000001
3 0.38359375 0.38828125 0.0921875 0.0859375
3 0.43828125 0.44453125000000004 0.0484375 0.0484375
3 0.27734375 0.49062500000000003 0.0578125 0.05625
3 0.3671875 0.47265625 0.059375000000000004 0.07968750000000001
