3 0.69453125 0.8187500000000001 0.0765625 0.06875
3 0.7585937500000001 0.7468750000000001 0.1203125 0.10625000000000001
3 0.6390625000000001 0.7171875000000001 0.1125 0.09375
3 0.31640625 0.5593750000000001 0.051562500000000004 0.046875
3 0.45156250000000003 0.6203125 0.065625 0.065625
3 0.39375000000000004 0.546875 0.06875 0.06875
3 0.39687500000000003 0.48359375000000004 0.09062500000000001 0.0859375
3 0.296875 0.37734375000000003 0.05625 0.051562500000000004
3 0.36953125000000003 0.38671875 0.06406250000000001 0.0703125
3 0.52734375 0.5281250000000001 0.2234375 0.26875
