0 0.12265625000000001 0.4453125 0.0703125 0.08125
0 0.15390625000000002 0.5281250000000001 0.09843750000000001 0.109375
0 0.3125 0.51171875 0.19062500000000002 0.13593750000000002
0 0.35390625000000003 0.4453125 0.029687500000000002 0.028125
0 0.5546875 0.5234375 0.08125 0.08125
0 0.6117187500000001 0.5078125 0.0421875 0.046875
0 0.6875 0.6046875 0.059375000000000004 0.0625
0 0.728125 0.64453125 0.037500000000000006 0.0421875
0 0.81640625 0.509375 0.045312500000000006 0.053125000000000006
0 0.58515625 0.421875 0.045312500000000006 0.040625
0 0.84296875 0.640625 0.0421875 0.046875
0 0.853125 0.5875 0.028125 0.03125
0 0.2015625 0.43671875000000004 0.025 0.026562500000000003
