0 0.328125 0.8828125 0.0859375 0.0546875
0 0.55859375 0.82421875 0.078125 0.0703125
0 0.640625 0.767578125 0.0703125 0.05078125
0 0.78125 0.7578125 0.0859375 0.0859375
0 0.712890625 0.95703125 0.23046875 0.0859375
0 0.24609375 0.705078125 0.0703125 0.06640625
0 0.306640625 0.63671875 0.08203125 0.125
0 0.671875 0.615234375 0.0625 0.05078125
0 0.458984375 0.548828125 0.06640625 0.06640625
0 0.70703125 0.45703125 0.0546875 0.0390625
0 0.2890625 0.515625 0.125 0.109375
0 0.443359375 0.41015625 0.09765625 0.0859375
0 0.529296875 0.322265625 0.03515625 0.02734375
0 0.716796875 0.287109375 0.05859375 0.03515625
0 0.8984375 0.34375 0.0390625 0.0546875
0 0.431640625 0.216796875 0.13671875 0.16015625
0 0.595703125 0.193359375 0.03515625 0.04296875
