0 0.328125 0.78515625 0.21875 0.15625
0 0.447265625 0.681640625 0.08203125 0.06640625
0 0.544921875 0.65625 0.04296875 0.0390625
0 0.6015625 0.677734375 0.046875 0.04296875
0 0.423828125 0.62109375 0.02734375 0.046875
0 0.455078125 0.529296875 0.04296875 0.04296875
0 0.5703125 0.556640625 0.0625 0.04296875
0 0.521484375 0.470703125 0.03515625 0.03515625
0 0.75390625 0.58984375 0.15625 0.0546875
0 0.708984375 0.529296875 0.17578125 0.05078125
0 0.66015625 0.48046875 0.0546875 0.0390625
0 0.810546875 0.677734375 0.13671875 0.05078125
0 0.142578125 0.474609375 0.05078125 0.05078125
0 0.208984375 0.619140625 0.22265625 0.17578125
0 0.484375 0.439453125 0.0625 0.04296875
0 0.44140625 0.365234375 0.0625 0.08203125
0 0.470703125 0.29296875 0.08203125 0.078125
0 0.5234375 0.255859375 0.0390625 0.13671875
0 0.57421875 0.3046875 0.0546875 0.046875
0 0.765625 0.296875 0.0390625 0.0390625
0 0.78515625 0.427734375 0.0546875 0.05078125
