0 0.3046875 0.81640625 0.0703125 0.0703125
0 0.5078125 0.236328125 0.28125 0.26953125
0 0.4609375 0.45703125 0.0625 0.046875
0 0.470703125 0.685546875 0.22265625 0.19140625
0 0.478515625 0.9140625 0.16796875 0.046875
0 0.595703125 0.8359375 0.07421875 0.0390625
0 0.23828125 0.587890625 0.0546875 0.01953125
0 0.3125 0.62109375 0.078125 0.0546875
0 0.255859375 0.654296875 0.08984375 0.05859375
0 0.181640625 0.599609375 0.05078125 0.05078125
0 0.263671875 0.498046875 0.33984375 0.14453125
0 0.15234375 0.34765625 0.25 0.1640625
0 0.205078125 0.12109375 0.09765625 0.078125
0 0.140625 0.1640625 0.1171875 0.078125
0 0.1875 0.21484375 0.0625 0.03125
0 0.79296875 0.419921875 0.2890625 0.29296875
0 0.740234375 0.57421875 0.07421875 0.046875
0 0.67578125 0.525390625 0.0625 0.04296875
0 0.759765625 0.646484375 0.06640625 0.04296875
0 0.931640625 0.6484375 0.03515625 0.0234375
0 0.9609375 0.67578125 0.03125 0.03125
0 0.935546875 0.615234375 0.01953125 0.02734375
