0 0.384765625 0.771484375 0.19140625 0.16796875
0 0.599609375 0.353515625 0.12890625 0.08984375
0 0.650390625 0.248046875 0.33984375 0.26171875
0 0.505859375 0.505859375 0.96484375 0.98828125
0 0.6953125 0.65625 0.3046875 0.1953125
0 0.759765625 0.45703125 0.05859375 0.046875
0 0.42578125 0.482421875 0.1015625 0.07421875
0 0.09765625 0.755859375 0.1484375 0.07421875
0 0.2734375 0.833984375 0.140625 0.13671875
0 0.396484375 0.923828125 0.08203125 0.08984375
0 0.505859375 0.9296875 0.05859375 0.1015625
0 0.21484375 0.408203125 0.0859375 0.07421875
0 0.87109375 0.515625 0.125 0.0859375
