0 0.181640625 0.630859375 0.12890625 0.15234375
0 0.23828125 0.458984375 0.109375 0.11328125
0 0.34375 0.638671875 0.0625 0.05078125
0 0.45703125 0.703125 0.0390625 0.0390625
0 0.46875 0.7578125 0.046875 0.0546875
0 0.43359375 0.484375 0.0546875 0.125
0 0.5234375 0.53515625 0.1328125 0.1796875
0 0.72265625 0.513671875 0.3984375 0.37890625
0 0.677734375 0.330078125 0.05078125 0.04296875
0 0.87890625 0.263671875 0.078125 0.11328125
0 0.892578125 0.08984375 0.19921875 0.109375
0 0.55078125 0.337890625 0.0390625 0.06640625
0 0.333984375 0.87109375 0.19921875 0.0390625
0 0.30859375 0.75390625 0.0390625 0.0234375
