0 0.40234375 0.86328125 0.078125 0.0546875
0 0.564453125 0.896484375 0.16015625 0.08203125
0 0.66015625 0.81640625 0.1328125 0.0703125
0 0.60546875 0.625 0.1015625 0.0546875
0 0.576171875 0.505859375 0.10546875 0.05859375
0 0.759765625 0.310546875 0.16796875 0.13671875
0 0.88671875 0.1328125 0.0703125 0.0546875
0 0.892578125 0.19140625 0.08203125 0.0625
0 0.607421875 0.251953125 0.05078125 0.05078125
0 0.671875 0.19921875 0.03125 0.0390625
0 0.36328125 0.375 0.3828125 0.5546875
0 0.1171875 0.69140625 0.21875 0.0703125
0 0.8203125 0.048828125 0.28125 0.08984375
0 0.69140625 0.671875 0.0390625 0.0390625
