0 0.591796875 0.732421875 0.09765625 0.07421875
0 0.607421875 0.556640625 0.08984375 0.07421875
0 0.62890625 0.439453125 0.109375 0.12109375
0 0.533203125 0.390625 0.07421875 0.0859375
0 0.3515625 0.5625 0.046875 0.0390625
0 0.16796875 0.59765625 0.0859375 0.046875
0 0.421875 0.205078125 0.046875 0.04296875
0 0.328125 0.263671875 0.0546875 0.04296875
0 0.41796875 0.044921875 0.1328125 0.04296875
0 0.208984375 0.544921875 0.05859375 0.04296875
0 0.23046875 0.4375 0.0390625 0.03125
0 0.1953125 0.650390625 0.078125 0.04296875
