0 0.7421875 0.7578125 0.125 0.0546875
0 0.744140625 0.595703125 0.21484375 0.14453125
0 0.708984375 0.431640625 0.05859375 0.06640625
0 0.16796875 0.4375 0.125 0.0625
0 0.255859375 0.4921875 0.08203125 0.0625
0 0.318359375 0.74609375 0.08203125 0.046875
0 0.25 0.546875 0.0546875 0.0390625
0 0.548828125 0.52734375 0.06640625 0.046875
0 0.595703125 0.474609375 0.05078125 0.04296875
0 0.326171875 0.40625 0.05859375 0.0546875
0 0.23828125 0.3359375 0.0546875 0.078125
0 0.392578125 0.162109375 0.05078125 0.04296875
0 0.544921875 0.380859375 0.05078125 0.04296875
0 0.13671875 0.224609375 0.125 0.09765625
0 0.400390625 0.611328125 0.05078125 0.05078125
