0 0.150390625 0.671875 0.05859375 0.0625
0 0.6015625 0.69921875 0.2578125 0.1328125
0 0.671875 0.58203125 0.078125 0.125
0 0.806640625 0.611328125 0.07421875 0.08203125
0 0.77734375 0.478515625 0.0625 0.09765625
0 0.822265625 0.3984375 0.12109375 0.0625
0 0.84375 0.310546875 0.0390625 0.04296875
0 0.3203125 0.7421875 0.046875 0.0859375
0 0.16015625 0.828125 0.0390625 0.0703125
0 0.51171875 0.95703125 0.125 0.0703125
0 0.55078125 0.91015625 0.03125 0.0390625
0 0.666015625 0.927734375 0.05078125 0.05078125
