0 0.658203125 0.724609375 0.14453125 0.05859375
0 0.84765625 0.830078125 0.078125 0.06640625
0 0.9140625 0.7265625 0.0625 0.0546875
0 0.833984375 0.91015625 0.07421875 0.046875
0 0.587890625 0.935546875 0.05859375 0.08984375
0 0.69140625 0.927734375 0.046875 0.03515625
0 0.28515625 0.76171875 0.09375 0.0625
0 0.390625 0.818359375 0.0703125 0.03515625
0 0.380859375 0.87890625 0.05859375 0.03125
0 0.4453125 0.755859375 0.078125 0.05078125
0 0.32421875 0.662109375 0.203125 0.13671875
0 0.208984375 0.517578125 0.20703125 0.21484375
0 0.369140625 0.5234375 0.14453125 0.0546875
0 0.3828125 0.462890625 0.109375 0.06640625
0 0.271484375 0.3671875 0.19140625 0.1171875
0 0.462890625 0.408203125 0.17578125 0.08203125
0 0.724609375 0.6328125 0.05078125 0.0390625
0 0.5625 0.326171875 0.6640625 0.62890625
