0 0.251953125 0.603515625 0.06640625 0.08203125
0 0.251953125 0.69140625 0.05859375 0.0390625
0 0.33203125 0.662109375 0.0625 0.06640625
0 0.4609375 0.701171875 0.0546875 0.05078125
0 0.470703125 0.751953125 0.05859375 0.04296875
0 0.5078125 0.892578125 0.0546875 0.07421875
0 0.6171875 0.8359375 0.0625 0.0625
0 0.439453125 0.95703125 0.07421875 0.03125
0 0.3359375 0.921875 0.0390625 0.0390625
0 0.296875 0.861328125 0.0390625 0.04296875
0 0.115234375 0.791015625 0.05078125 0.04296875
0 0.14453125 0.73828125 0.03125 0.0390625
0 0.19140625 0.7421875 0.03125 0.0390625
0 0.15625 0.66015625 0.0625 0.0703125
0 0.345703125 0.59375 0.05859375 0.078125
0 0.388671875 0.380859375 0.19921875 0.34765625
0 0.740234375 0.326171875 0.51171875 0.59765625
0 0.576171875 0.666015625 0.04296875 0.03515625
0 0.171875 0.498046875 0.0703125 0.05078125
0 0.541015625 0.40234375 0.10546875 0.1328125
