0 0.30312500000000003 0.8914062500000001 0.0625 0.060937500000000006
0 0.353125 0.8601562500000001 0.059375000000000004 0.0671875
0 0.38828125 0.83984375 0.0546875 0.0484375
0 0.43203125000000003 0.7914062500000001 0.0578125 0.0546875
0 0.47187500000000004 0.82578125 0.053125000000000006 0.045312500000000006
0 0.50234375 0.75546875 0.1078125 0.1046875
0 0.775 0.59296875 0.325 0.3828125
0 0.5242187500000001 0.509375 0.0703125 0.0625
0 0.5375 0.44453125000000004 0.037500000000000006 0.035937500000000004
0 0.58828125 0.39140625 0.09843750000000001 0.1078125
0 0.61484375 0.27187500000000003 0.035937500000000004 0.034375
0 0.36171875000000003 0.59609375 0.11406250000000001 0.0890625
0 0.2546875 0.53828125 0.15937500000000002 0.1609375
0 0.32343750000000004 0.47968750000000004 0.07500000000000001 0.08125
0 0.20859375000000002 0.45234375000000004 0.0765625 0.0765625
0 0.140625 0.5375 0.1 0.09062500000000001
0 0.22421875000000002 0.33125000000000004 0.22968750000000002 0.2
0 0.421875 0.4140625 0.2625 0.27187500000000003
