0 0.16484375 0.45937500000000003 0.0578125 0.043750000000000004
0 0.21953125 0.44765625000000003 0.0546875 0.060937500000000006
0 0.26484375 0.43671875000000004 0.045312500000000006 0.0484375
0 0.33203125 0.44062500000000004 0.06406250000000001 0.059375000000000004
0 0.4140625 0.415625 0.11875000000000001 0.078125
0 0.5007812500000001 0.37265625 0.051562500000000004 0.060937500000000006
0 0.32890625 0.38203125000000004 0.051562500000000004 0.0484375
0 0.5203125000000001 0.29296875 0.06875 0.1171875
0 0.68125 0.4234375 0.259375 0.153125
0 0.76875 0.31562500000000004 0.26875 0.19375
0 0.63046875 0.6468750000000001 0.08281250000000001 0.11875000000000001
0 0.6921875000000001 0.7546875000000001 0.037500000000000006 0.037500000000000006
0 0.68359375 0.5609375 0.0484375 0.034375
0 0.41718750000000004 0.6726562500000001 0.33437500000000003 0.32343750000000004
