0 0.601875 0.7716666666666667 0.03375 0.04666666666666667
0 0.55625 0.7975000000000001 0.11 0.15166666666666667
0 0.5750000000000001 0.6316666666666667 0.04 0.07333333333333333
0 0.4275 0.28250000000000003 0.195 0.24166666666666667
0 0.5962500000000001 0.35833333333333334 0.0975 0.12666666666666668
0 0.6637500000000001 0.43833333333333335 0.0775 0.09333333333333334
0 0.594375 0.5125000000000001 0.09375 0.115
0 0.316875 0.6875 0.10875 0.14500000000000002
0 0.230625 0.7216666666666667 0.02875 0.03666666666666667
0 0.2275 0.6616666666666667 0.025 0.030000000000000002
