3 0.1765625 0.23046875 0.078125 0.060937500000000006
3 0.38203125000000004 0.31953125000000004 0.045312500000000006 0.0484375
3 0.42578125 0.290625 0.0421875 0.046875
3 0.52578125 0.32343750000000004 0.045312500000000006 0.084375
3 0.62421875 0.45859375 0.1390625 0.1046875
3 0.6578125 0.36171875000000003 0.09375 0.09531250000000001
3 0.26953125 0.55703125 0.08281250000000001 0.0484375
3 0.31953125000000004 0.60546875 0.0578125 0.0484375
3 0.39921875 0.5906250000000001 0.0734375 0.109375
3 0.16015625 0.53359375 0.0734375 0.0765625
3 0.2578125 0.3984375 0.06875 0.07187500000000001
