0 0.6625000000000001 0.65625 0.10312500000000001 0.08750000000000001
0 0.57578125 0.6234375000000001 0.0671875 0.06875
0 0.56875 0.7265625 0.153125 0.16562500000000002
0 0.48046875 0.72265625 0.0328125 0.0421875
0 0.540625 0.8226562500000001 0.046875 0.0484375
0 0.47734375 0.80625 0.0765625 0.084375
0 0.36328125 0.52578125 0.27968750000000003 0.3203125
0 0.6492187500000001 0.36015625 0.0921875 0.1203125
0 0.6171875 0.43203125000000003 0.043750000000000004 0.045312500000000006
0 0.659375 0.51171875 0.115625 0.09843750000000001
0 0.74140625 0.53671875 0.051562500000000004 0.051562500000000004
0 0.7078125000000001 0.571875 0.053125000000000006 0.05
0 0.7601562500000001 0.60859375 0.0484375 0.045312500000000006
0 0.7859375000000001 0.6414062500000001 0.05625 0.0578125
0 0.815625 0.6804687500000001 0.05625 0.0546875
0 0.47421875 0.3640625 0.2234375 0.1625
0 0.46328125000000003 0.23984375000000002 0.2609375 0.22031250000000002
