0 0.46875 0.7265625 0.115625 0.134375
0 0.5953125 0.6273437500000001 0.13125 0.1265625
0 0.584375 0.7078125000000001 0.028125 0.034375
0 0.6859375000000001 0.6734375 0.028125 0.028125
0 0.64375 0.47734375 0.0625 0.045312500000000006
0 0.55625 0.43359375 0.07500000000000001 0.1078125
0 0.39453125 0.3765625 0.051562500000000004 0.046875
0 0.3953125 0.33203125 0.03125 0.035937500000000004
0 0.40468750000000003 0.27968750000000003 0.043750000000000004 0.043750000000000004
0 0.7203125 0.44062500000000004 0.05 0.046875
0 0.609375 0.5203125000000001 0.034375 0.028125
0 0.77890625 0.30859375 0.2328125 0.1921875
0 0.6109375 0.29375 0.03125 0.021875000000000002
0 0.78671875 0.8171875000000001 0.0328125 0.025
