3 0.6859375000000001 0.33671875 0.353125 0.37343750000000003
3 0.58984375 0.5 0.08281250000000001 0.09062500000000001
3 0.45234375000000004 0.5242187500000001 0.0671875 0.060937500000000006
3 0.37578125 0.5875 0.045312500000000006 0.046875
3 0.51171875 0.58046875 0.0859375 0.07968750000000001
3 0.48046875 0.65 0.0671875 0.06875
3 0.6140625000000001 0.74765625 0.0625 0.06406250000000001
3 0.7054687500000001 0.62421875 0.09843750000000001 0.09531250000000001
3 0.6546875000000001 0.690625 0.140625 0.12812500000000002
3 0.5476562500000001 0.7484375000000001 0.0703125 0.065625
3 0.49531250000000004 0.80234375 0.12187500000000001 0.1296875
3 0.5390625 0.5390625 0.07187500000000001 0.0625
