0 0.9382812500000001 0.70703125 0.0921875 0.0734375
0 0.7515625 0.7093750000000001 0.15625 0.10625000000000001
0 0.78125 0.7796875000000001 0.0625 0.05625
0 0.203125 0.7640625000000001 0.059375000000000004 0.053125000000000006
0 0.32890625 0.5484375 0.1078125 0.08750000000000001
0 0.30312500000000003 0.31484375000000003 0.07500000000000001 0.0734375
0 0.628125 0.5242187500000001 0.06875 0.0703125
0 0.8359375 0.47109375000000003 0.146875 0.0890625
0 0.59296875 0.32890625 0.0703125 0.0390625
0 0.21328125 0.478125 0.051562500000000004 0.043750000000000004
