0 0.5296875 0.41953125 0.134375 0.1796875
0 0.61484375 0.30859375 0.13593750000000002 0.1546875
0 0.48671875000000003 0.5015625 0.029687500000000002 0.03125
0 0.55625 0.56875 0.043750000000000004 0.040625
0 0.47968750000000004 0.6156250000000001 0.146875 0.1125
0 0.56171875 0.64453125 0.0765625 0.0671875
0 0.5640625 0.6921875000000001 0.05625 0.05
0 0.58203125 0.83359375 0.0421875 0.035937500000000004
0 0.50234375 0.821875 0.0390625 0.043750000000000004
0 0.48125 0.7671875 0.059375000000000004 0.046875
0 0.55 0.78828125 0.025 0.0234375
0 0.76875 0.7054687500000001 0.028125 0.0328125
0 0.81171875 0.6875 0.0328125 0.034375
0 0.7429687500000001 0.63046875 0.06406250000000001 0.0578125
0 0.7601562500000001 0.59375 0.09531250000000001 0.096875
0 0.35468750000000004 0.20625000000000002 0.053125000000000006 0.043750000000000004
