0 0.45546875000000003 0.43359375 0.08281250000000001 0.18906250000000002
0 0.31171875000000004 0.38359375 0.1046875 0.1484375
0 0.54296875 0.48203125 0.0234375 0.029687500000000002
0 0.51953125 0.584375 0.0390625 0.034375
0 0.61640625 0.58046875 0.1546875 0.0734375
0 0.56015625 0.6570312500000001 0.0734375 0.051562500000000004
0 0.5867187500000001 0.70078125 0.0546875 0.0390625
0 0.6546875000000001 0.8390625 0.040625 0.028125
0 0.7195312500000001 0.78125 0.029687500000000002 0.040625
0 0.7054687500000001 0.7195312500000001 0.060937500000000006 0.0328125
0 0.65625 0.77890625 0.021875000000000002 0.0203125
0 0.40937500000000004 0.8343750000000001 0.021875000000000002 0.03125
0 0.359375 0.84375 0.028125 0.03125
0 0.38671875 0.7523437500000001 0.060937500000000006 0.045312500000000006
0 0.35000000000000003 0.7289062500000001 0.08125 0.0859375
0 0.4859375 0.13671875 0.05 0.035937500000000004
