0 0.6039062500000001 0.6273437500000001 0.1296875 0.1265625
0 0.5164062500000001 0.56015625 0.0421875 0.0390625
0 0.53515625 0.49765625 0.0703125 0.06406250000000001
0 0.47265625 0.6109375 0.1046875 0.08750000000000001
0 0.42109375000000004 0.72421875 0.0390625 0.0390625
0 0.3984375 0.54609375 0.037500000000000006 0.0390625
0 0.78125 0.5242187500000001 0.3875 0.3203125
0 0.5453125 0.30312500000000003 0.065625 0.06875
0 0.4625 0.24609375 0.09062500000000001 0.08281250000000001
0 0.56875 0.19687500000000002 0.146875 0.16562500000000002
0 0.66796875 0.22109375 0.035937500000000004 0.0390625
0 0.68359375 0.1421875 0.0671875 0.06875
0 0.625 0.109375 0.046875 0.046875
0 0.33671875 0.23984375000000002 0.026562500000000003 0.026562500000000003
0 0.259375 0.16562500000000002 0.040625 0.034375
0 0.434375 0.340625 0.203125 0.1625
0 0.42031250000000003 0.39765625000000004 0.03125 0.029687500000000002
0 0.3828125 0.44062500000000004 0.03125 0.028125
0 0.3125 0.33906250000000004 0.028125 0.025
