0 0.3640625 0.33515625000000004 0.065625 0.06406250000000001
0 0.43828125 0.22812500000000002 0.1234375 0.2
0 0.5640625 0.16718750000000002 0.109375 0.19687500000000002
0 0.56484375 0.453125 0.0703125 0.043750000000000004
0 0.31015625 0.6421875 0.1859375 0.21875
0 0.4 0.775 0.043750000000000004 0.025
0 0.26484375 0.7984375 0.0546875 0.034375
0 0.33125000000000004 0.87265625 0.08750000000000001 0.0890625
0 0.5710937500000001 0.6796875 0.0703125 0.05
0 0.51015625 0.8375 0.16718750000000002 0.171875
0 0.48125 0.6640625 0.09375 0.059375000000000004
