0 0.28828125 0.3640625 0.035937500000000004 0.034375
0 0.1390625 0.41875 0.275 0.23750000000000002
0 0.42031250000000003 0.29375 0.225 0.21250000000000002
0 0.34140625 0.38828125 0.0546875 0.051562500000000004
0 0.29453125 0.43046875 0.0734375 0.0671875
0 0.31093750000000003 0.4734375 0.037500000000000006 0.040625
0 0.41484375 0.4703125 0.0671875 0.065625
0 0.45234375000000004 0.51796875 0.0421875 0.035937500000000004
0 0.18515625000000002 0.56015625 0.0390625 0.0421875
0 0.67890625 0.30781250000000004 0.45156250000000003 0.47500000000000003
0 0.6984375 0.55 0.140625 0.18125000000000002
0 0.5320312500000001 0.65 0.0328125 0.03125
