3 0.39296875000000003 0.2578125 0.1046875 0.1375
3 0.53828125 0.371875 0.22968750000000002 0.203125
3 0.23671875 0.52265625 0.0390625 0.045312500000000006
3 0.28750000000000003 0.46406250000000004 0.065625 0.0625
3 0.32109375 0.515625 0.045312500000000006 0.043750000000000004
3 0.33437500000000003 0.5671875000000001 0.040625 0.046875
3 0.39609375 0.5632812500000001 0.0484375 0.0484375
3 0.384375 0.67734375 0.05 0.0421875
3 0.49453125000000003 0.5171875 0.1203125 0.134375
3 0.56484375 0.6328125 0.1265625 0.12187500000000001
