0 0.55703125 0.42265625 0.09843750000000001 0.18281250000000002
0 0.671875 0.33515625000000004 0.115625 0.1484375
0 0.49296875 0.4921875 0.0234375 0.028125
0 0.5437500000000001 0.57734375 0.040625 0.035937500000000004
0 0.4546875 0.6023437500000001 0.15000000000000002 0.0859375
0 0.52890625 0.6546875000000001 0.0734375 0.05625
0 0.51796875 0.70234375 0.0546875 0.0421875
0 0.496875 0.8460937500000001 0.040625 0.029687500000000002
0 0.42109375000000004 0.8132812500000001 0.0328125 0.0421875
0 0.415625 0.753125 0.059375000000000004 0.037500000000000006
0 0.47734375 0.79296875 0.0234375 0.0203125
0 0.71640625 0.7703125000000001 0.0234375 0.03125
0 0.76328125 0.7640625000000001 0.029687500000000002 0.03125
0 0.7117187500000001 0.6898437500000001 0.060937500000000006 0.0484375
0 0.7375 0.6578125 0.084375 0.08750000000000001
0 0.4421875 0.1640625 0.05 0.037500000000000006
