0 0.5515625000000001 0.41328125000000004 0.053125000000000006 0.0671875
0 0.52734375 0.3453125 0.0421875 0.053125000000000006
0 0.55390625 0.30000000000000004 0.029687500000000002 0.034375
0 0.6203125 0.30312500000000003 0.05 0.05625
0 0.35000000000000003 0.321875 0.12187500000000001 0.146875
0 0.35859375000000004 0.51953125 0.1796875 0.0546875
0 0.434375 0.6507812500000001 0.040625 0.0484375
0 0.3921875 0.728125 0.037500000000000006 0.040625
0 0.43046875 0.58359375 0.026562500000000003 0.026562500000000003
0 0.478125 0.62265625 0.021875000000000002 0.0203125
0 0.26406250000000003 0.76875 0.19375 0.215625
0 0.67578125 0.5046875000000001 0.0234375 0.021875000000000002
0 0.6390625000000001 0.5171875 0.025 0.021875000000000002
0 0.6953125 0.38828125 0.05 0.045312500000000006
0 0.8367187500000001 0.48828125 0.0578125 0.0546875
