0 0.354375 0.7591666666666668 0.20375000000000001 0.28500000000000003
0 0.47500000000000003 0.6641666666666667 0.03 0.08833333333333333
0 0.52125 0.5541666666666667 0.035 0.055
0 0.36062500000000003 0.4525 0.11625 0.10833333333333334
0 0.5 0.8350000000000001 0.03 0.05
0 0.5625 0.8375 0.095 0.14833333333333334
0 0.786875 0.5441666666666667 0.10375000000000001 0.14500000000000002
0 0.906875 0.5275000000000001 0.03375 0.045000000000000005
0 0.880625 0.45833333333333337 0.02125 0.023333333333333334
0 0.508125 0.16083333333333336 0.19875 0.21500000000000002
