0 0.790625 0.51171875 0.046875 0.035937500000000004
0 0.65390625 0.6507812500000001 0.07968750000000001 0.0859375
0 0.5359375000000001 0.609375 0.065625 0.07187500000000001
0 0.23593750000000002 0.659375 0.10625000000000001 0.096875
0 0.38671875 0.51875 0.035937500000000004 0.03125
0 0.43593750000000003 0.43203125000000003 0.05 0.0734375
0 0.43359375 0.28359375000000003 0.1765625 0.2578125
0 0.6882812500000001 0.22812500000000002 0.035937500000000004 0.065625
0 0.78046875 0.265625 0.0328125 0.034375
0 0.8796875000000001 0.203125 0.034375 0.046875
0 0.8171875000000001 0.30312500000000003 0.025 0.025
0 0.7171875000000001 0.35546875 0.1 0.1046875
