0 0.3515625 0.77734375 0.028125 0.029687500000000002
0 0.171875 0.8031250000000001 0.275 0.153125
0 0.5171875 0.7781250000000001 0.19687500000000002 0.1625
0 0.39140625 0.72578125 0.045312500000000006 0.0421875
0 0.32343750000000004 0.70859375 0.065625 0.0484375
0 0.3171875 0.6585937500000001 0.028125 0.035937500000000004
0 0.42109375000000004 0.60703125 0.0546875 0.0546875
0 0.43359375 0.540625 0.0390625 0.025
0 0.1484375 0.6375000000000001 0.028125 0.037500000000000006
0 0.76484375 0.63046875 0.3515625 0.4109375
0 0.6585937500000001 0.38125000000000003 0.0765625 0.1875
0 0.44296875 0.36953125000000003 0.029687500000000002 0.0234375
