0 0.4390625 0.7609375 0.09375 0.10625000000000001
0 0.3796875 0.8546875 0.028125 0.025
0 0.42578125 0.8695312500000001 0.029687500000000002 0.035937500000000004
0 0.37265625 0.971875 0.0390625 0.046875
0 0.71015625 0.690625 0.2015625 0.25
0 0.525 0.85546875 0.043750000000000004 0.0671875
0 0.68359375 0.584375 0.0421875 0.040625
0 0.6203125 0.49531250000000004 0.040625 0.046875
0 0.65625 0.41953125 0.0625 0.0671875
0 0.5703125 0.3765625 0.046875 0.040625
0 0.8171875000000001 0.4296875 0.037500000000000006 0.037500000000000006
0 0.34765625 0.47578125000000004 0.08281250000000001 0.0921875
0 0.46875 0.45625000000000004 0.06875 0.078125
0 0.29921875000000003 0.66015625 0.0546875 0.045312500000000006
0 0.665625 0.34140625 0.028125 0.0328125
