0 0.7859375000000001 0.49453125000000003 0.15937500000000002 0.1234375
0 0.8187500000000001 0.584375 0.07500000000000001 0.059375000000000004
0 0.74375 0.61328125 0.046875 0.060937500000000006
0 0.5984375000000001 0.6023437500000001 0.018750000000000003 0.0234375
0 0.53046875 0.6468750000000001 0.0859375 0.09062500000000001
0 0.41484375 0.609375 0.0703125 0.05625
0 0.71875 0.4296875 0.265625 0.22187500000000002
0 0.51875 0.3328125 0.12812500000000002 0.09375
0 0.6828125 0.20234375000000002 0.10312500000000001 0.07968750000000001
0 0.5828125000000001 0.19609375 0.03125 0.0328125
0 0.584375 0.33203125 0.025 0.0203125
