0 0.340625 0.6804687500000001 0.234375 0.1703125
0 0.31640625 0.5671875000000001 0.15156250000000002 0.10625000000000001
0 0.43125 0.5265625 0.05625 0.046875
0 0.40468750000000003 0.4625 0.053125000000000006 0.043750000000000004
0 0.47734375 0.47968750000000004 0.0328125 0.028125
0 0.3828125 0.8054687500000001 0.040625 0.045312500000000006
0 0.50703125 0.6820312500000001 0.035937500000000004 0.035937500000000004
0 0.65546875 0.49140625000000004 0.06406250000000001 0.045312500000000006
0 0.83515625 0.33984375 0.0484375 0.0546875
0 0.8812500000000001 0.41250000000000003 0.05 0.040625
0 0.75390625 0.44609375 0.029687500000000002 0.026562500000000003
0 0.55859375 0.51015625 0.0328125 0.0234375
0 0.56953125 0.43671875000000004 0.0546875 0.051562500000000004
0 0.6335937500000001 0.45156250000000003 0.0421875 0.037500000000000006
0 0.60546875 0.34921875 0.2828125 0.1546875
0 0.6312500000000001 0.41171875 0.059375000000000004 0.051562500000000004
0 0.6648437500000001 0.23671875 0.035937500000000004 0.026562500000000003
