0 0.22421875000000002 0.6625000000000001 0.0546875 0.053125000000000006
0 0.26015625000000003 0.628125 0.060937500000000006 0.065625
0 0.28671875 0.59375 0.045312500000000006 0.05
0 0.34296875000000004 0.5578125 0.060937500000000006 0.0625
0 0.3046875 0.52109375 0.053125000000000006 0.0546875
0 0.38671875 0.5007812500000001 0.11406250000000001 0.0921875
0 0.5328125 0.52734375 0.06875 0.060937500000000006
0 0.5890625 0.55859375 0.037500000000000006 0.0328125
0 0.66015625 0.5554687500000001 0.0859375 0.1015625
0 0.7664062500000001 0.6062500000000001 0.0390625 0.040625
0 0.66015625 0.47109375000000003 0.0421875 0.0390625
0 0.43515625 0.42578125 0.0484375 0.051562500000000004
0 0.40546875000000004 0.35703125 0.08281250000000001 0.1171875
0 0.5796875 0.36953125000000003 0.22812500000000002 0.1703125
0 0.6000000000000001 0.2421875 0.246875 0.2
