2 0.5593750000000001 0.7679687500000001 0.07500000000000001 0.0484375
2 0.4890625 0.6203125 0.09375 0.09062500000000001
2 0.371875 0.5421875 0.1375 0.1375
2 0.38359375 0.6375000000000001 0.029687500000000002 0.021875000000000002
2 0.35546875 0.7562500000000001 0.0734375 0.08125
2 0.22031250000000002 0.7375 0.09062500000000001 0.1875
2 0.328125 0.6671875 0.07187500000000001 0.096875
2 0.27734375 0.7429687500000001 0.0484375 0.035937500000000004
2 0.22109375 0.5125000000000001 0.1015625 0.11875000000000001
2 0.36171875000000003 0.43671875000000004 0.045312500000000006 0.0484375
2 0.4703125 0.46718750000000003 0.15625 0.09062500000000001
2 0.58828125 0.41015625 0.0734375 0.051562500000000004
2 0.66796875 0.503125 0.0734375 0.053125000000000006
