0 0.7578125 0.6429687500000001 0.19687500000000002 0.0921875
0 0.6156250000000001 0.41718750000000004 0.178125 0.178125
0 0.5554687500000001 0.30078125 0.0671875 0.06406250000000001
0 0.7328125000000001 0.31171875000000004 0.1 0.0765625
0 0.28203125 0.59765625 0.045312500000000006 0.051562500000000004
0 0.3828125 0.5171875 0.025 0.034375
0 0.41015625 0.56171875 0.0234375 0.029687500000000002
0 0.34296875000000004 0.42421875000000003 0.051562500000000004 0.060937500000000006
0 0.1921875 0.51875 0.043750000000000004 0.040625
0 0.33359375 0.36875 0.035937500000000004 0.05
