2 0.47187500000000004 0.7703125000000001 0.08125 0.06875
2 0.46875 0.6195312500000001 0.1125 0.11093750000000001
2 0.39921875 0.51015625 0.16718750000000002 0.16718750000000002
2 0.37265625 0.5945312500000001 0.0328125 0.029687500000000002
2 0.30546875 0.68359375 0.0921875 0.09531250000000001
2 0.19843750000000002 0.6171875 0.146875 0.19062500000000002
2 0.31562500000000004 0.5984375000000001 0.096875 0.109375
2 0.24453125 0.6429687500000001 0.0546875 0.0484375
2 0.28359375000000003 0.42812500000000003 0.1296875 0.1375
2 0.4296875 0.41796875 0.05625 0.0578125
2 0.509375 0.484375 0.16562500000000002 0.134375
2 0.6312500000000001 0.48046875 0.08125 0.0703125
2 0.6625000000000001 0.58828125 0.08125 0.0734375
