3 0.43281250000000004 0.7453125 0.278125 0.31875000000000003
3 0.46875 0.56484375 0.0625 0.07968750000000001
3 0.5875 0.49921875000000004 0.059375000000000004 0.045312500000000006
3 0.63671875 0.41640625000000003 0.035937500000000004 0.0390625
3 0.51484375 0.46718750000000003 0.0734375 0.0625
3 0.5203125000000001 0.3921875 0.05625 0.05625
3 0.36640625000000004 0.34609375000000003 0.051562500000000004 0.051562500000000004
3 0.321875 0.4890625 0.08125 0.078125
3 0.34765625 0.4109375 0.1234375 0.1
3 0.42734375 0.32343750000000004 0.060937500000000006 0.05
3 0.45859375 0.2578125 0.09531250000000001 0.1125
3 0.50234375 0.5125000000000001 0.06406250000000001 0.046875
