0 0.4765625 0.7171875000000001 0.08125 0.08125
0 0.5828125000000001 0.7765625 0.1875 0.21875
0 0.7132812500000001 0.7757812500000001 0.17343750000000002 0.2109375
0 0.59609375 0.5359375000000001 0.0765625 0.065625
0 0.3046875 0.48125 0.246875 0.259375
0 0.325 0.33203125 0.046875 0.0390625
0 0.20234375000000002 0.36875 0.060937500000000006 0.05
0 0.22734375 0.27890625 0.11093750000000001 0.11093750000000001
0 0.5085937500000001 0.34218750000000003 0.07968750000000001 0.07187500000000001
0 0.3921875 0.23515625 0.21250000000000002 0.21406250000000002
0 0.4390625 0.39296875000000003 0.10312500000000001 0.0890625
