0 0.28125 0.4390625 0.240625 0.16562500000000002
0 0.30234375 0.56015625 0.15781250000000002 0.1046875
0 0.43046875 0.5546875 0.0578125 0.046875
0 0.43046875 0.62890625 0.0546875 0.045312500000000006
0 0.49453125000000003 0.5828125000000001 0.0328125 0.028125
0 0.2734375 0.30000000000000004 0.040625 0.046875
0 0.44453125000000004 0.371875 0.035937500000000004 0.037500000000000006
0 0.665625 0.5015625 0.065625 0.043750000000000004
0 0.90234375 0.5789062500000001 0.0484375 0.0546875
0 0.91953125 0.48984375 0.051562500000000004 0.0390625
0 0.78125 0.50625 0.03125 0.028125
0 0.5625 0.52109375 0.034375 0.0234375
0 0.603125 0.58984375 0.05625 0.051562500000000004
0 0.659375 0.54921875 0.043750000000000004 0.0390625
0 0.6726562500000001 0.66015625 0.29531250000000003 0.1453125
0 0.6742187500000001 0.58828125 0.060937500000000006 0.051562500000000004
0 0.775 0.7484375000000001 0.037500000000000006 0.028125
