0 0.6828125 0.3015625 0.040625 0.028125
0 0.55078125 0.38906250000000003 0.0734375 0.08125
0 0.4390625 0.35234375 0.0625 0.0484375
0 0.39296875000000003 0.32578125 0.07968750000000001 0.06406250000000001
0 0.453125 0.275 0.140625 0.1625
0 0.69140625 0.6015625 0.035937500000000004 0.040625
0 0.58046875 0.6507812500000001 0.029687500000000002 0.029687500000000002
0 0.603125 0.6804687500000001 0.028125 0.026562500000000003
0 0.70703125 0.74609375 0.045312500000000006 0.0484375
0 0.640625 0.7734375 0.1375 0.140625
