2 0.6625000000000001 0.32421875 0.078125 0.06406250000000001
2 0.5554687500000001 0.42031250000000003 0.1078125 0.10625000000000001
2 0.43281250000000004 0.44375000000000003 0.15937500000000002 0.15937500000000002
2 0.47500000000000003 0.37031250000000004 0.03125 0.028125
2 0.4921875 0.26406250000000003 0.08750000000000001 0.09062500000000001
2 0.37578125 0.2328125 0.1390625 0.184375
2 0.43984375000000003 0.32734375000000004 0.0921875 0.1046875
2 0.42421875000000003 0.24765625000000002 0.051562500000000004 0.045312500000000006
2 0.29921875000000003 0.41718750000000004 0.1234375 0.13125
2 0.3875 0.52734375 0.053125000000000006 0.0546875
2 0.48750000000000004 0.5390625 0.15937500000000002 0.12812500000000002
2 0.5640625 0.6257812500000001 0.078125 0.0671875
2 0.6609375000000001 0.578125 0.078125 0.06875
