0 0.74140625 0.7015625000000001 0.1859375 0.1625
0 0.89765625 0.62421875 0.06406250000000001 0.0578125
0 0.90546875 0.521875 0.11406250000000001 0.10625000000000001
0 0.7992187500000001 0.47421875 0.09843750000000001 0.1078125
0 0.6015625 0.49296875 0.09062500000000001 0.1703125
0 0.5328125 0.50234375 0.034375 0.029687500000000002
0 0.46484375 0.375 0.051562500000000004 0.043750000000000004
0 0.58046875 0.3765625 0.0671875 0.084375
0 0.47734375 0.48203125 0.0390625 0.0421875
0 0.68125 0.48671875000000003 0.040625 0.0765625
