0 0.296875 0.796875 0.078125 0.140625
0 0.34687500000000004 0.8500000000000001 0.05 0.06875
0 0.32734375000000004 0.91171875 0.0421875 0.0578125
0 0.115625 0.7468750000000001 0.040625 0.034375
0 0.35859375000000004 0.62421875 0.0546875 0.0703125
0 0.6265625 0.6492187500000001 0.096875 0.09843750000000001
0 0.9078125 0.7367187500000001 0.065625 0.0671875
0 0.7195312500000001 0.82421875 0.09843750000000001 0.06406250000000001
0 0.39687500000000003 0.49375 0.0625 0.07187500000000001
0 0.5242187500000001 0.51875 0.035937500000000004 0.05
0 0.6203125 0.46640625 0.053125000000000006 0.0859375
0 0.74140625 0.38515625000000003 0.0734375 0.11093750000000001
0 0.690625 0.30000000000000004 0.1 0.10625000000000001
0 0.65 0.234375 0.13125 0.1125
0 0.49453125000000003 0.30703125000000003 0.0671875 0.0859375
0 0.4078125 0.403125 0.0625 0.08750000000000001
0 0.465625 0.2078125 0.12187500000000001 0.21250000000000002
0 0.32656250000000003 0.30312500000000003 0.19687500000000002 0.36562500000000003
