0 0.6125 0.7733333333333334 0.0375 0.05
0 0.66 0.7400000000000001 0.115 0.16
0 0.7425 0.4133333333333334 0.115 0.15333333333333335
0 0.82375 0.34 0.03 0.04
0 0.786875 0.30000000000000004 0.02375 0.02666666666666667
0 0.42812500000000003 0.27166666666666667 0.20375000000000001 0.25333333333333335
0 0.4425 0.47500000000000003 0.0425 0.060000000000000005
0 0.47375 0.4783333333333334 0.025 0.04
0 0.516875 0.5008333333333334 0.03625 0.05166666666666667
0 0.568125 0.515 0.02375 0.04
0 0.546875 0.6516666666666667 0.043750000000000004 0.07
0 0.43375 0.6375000000000001 0.0975 0.12166666666666667
0 0.49062500000000003 0.6008333333333333 0.051250000000000004 0.06833333333333334
0 0.45937500000000003 0.5566666666666668 0.04875 0.06666666666666667
