0 0.24375000000000002 0.53359375 0.05 0.0390625
0 0.3984375 0.6671875 0.08750000000000001 0.09375
0 0.5164062500000001 0.6140625000000001 0.0703125 0.078125
0 0.83125 0.63984375 0.115625 0.1078125
0 0.66328125 0.50625 0.0390625 0.034375
0 0.60546875 0.42109375000000004 0.0578125 0.07968750000000001
0 0.5945312500000001 0.26640625 0.2015625 0.2734375
0 0.32421875 0.23125 0.0421875 0.06875
0 0.23359375000000002 0.278125 0.035937500000000004 0.037500000000000006
0 0.12421875 0.22187500000000002 0.0390625 0.05
0 0.19843750000000002 0.32109375 0.028125 0.026562500000000003
0 0.30703125000000003 0.36640625000000004 0.11093750000000001 0.11406250000000001
