0 0.74921875 0.65546875 0.1046875 0.11406250000000001
0 0.8601562500000001 0.690625 0.029687500000000002 0.028125
0 0.8328125000000001 0.7328125000000001 0.034375 0.037500000000000006
0 0.94453125 0.7781250000000001 0.0421875 0.05
0 0.48671875000000003 0.7820312500000001 0.2265625 0.2671875
0 0.7453125 0.78828125 0.05 0.0703125
0 0.43593750000000003 0.6796875 0.046875 0.043750000000000004
0 0.4265625 0.565625 0.043750000000000004 0.05
0 0.34687500000000004 0.53125 0.06875 0.07187500000000001
0 0.38671875 0.43828125 0.051562500000000004 0.045312500000000006
0 0.22578125000000002 0.6468750000000001 0.0421875 0.040625
0 0.63046875 0.3671875 0.0921875 0.1
0 0.52109375 0.434375 0.0765625 0.084375
0 0.7921875 0.48203125 0.059375000000000004 0.051562500000000004
0 0.28671875 0.47421875 0.0328125 0.035937500000000004
