0 0.11328125 0.5164062500000001 0.0546875 0.035937500000000004
0 0.16718750000000002 0.49062500000000003 0.046875 0.05625
0 0.21250000000000002 0.46953125 0.040625 0.045312500000000006
0 0.28359375000000003 0.45859375 0.0578125 0.051562500000000004
0 0.36250000000000004 0.4140625 0.115625 0.059375000000000004
0 0.44296875 0.3484375 0.045312500000000006 0.05625
0 0.265625 0.39765625000000004 0.046875 0.0421875
0 0.4453125 0.26171875 0.05 0.1171875
0 0.6421875 0.3609375 0.259375 0.109375
0 0.70859375 0.22890625 0.2578125 0.1546875
0 0.640625 0.6046875 0.065625 0.115625
0 0.7289062500000001 0.70234375 0.0328125 0.0328125
0 0.6765625000000001 0.503125 0.046875 0.028125
0 0.42421875000000003 0.6804687500000001 0.3015625 0.2859375
