0 0.28515625 0.56796875 0.1046875 0.060937500000000006
0 0.39296875000000003 0.578125 0.0546875 0.0625
0 0.34687500000000004 0.6890625 0.12187500000000001 0.15625
0 0.44140625 0.73046875 0.0234375 0.0421875
0 0.32734375000000004 0.8046875 0.0390625 0.043750000000000004
0 0.40156250000000004 0.81953125 0.059375000000000004 0.07968750000000001
0 0.6648437500000001 0.584375 0.2078125 0.3125
0 0.45156250000000003 0.265625 0.05625 0.12812500000000002
0 0.44765625000000003 0.35625 0.035937500000000004 0.040625
0 0.36328125 0.41875 0.11406250000000001 0.07187500000000001
0 0.26484375 0.403125 0.045312500000000006 0.043750000000000004
0 0.28203125 0.45703125 0.0484375 0.0421875
0 0.2078125 0.46796875000000004 0.043750000000000004 0.0390625
0 0.1640625 0.48984375 0.046875 0.051562500000000004
0 0.11328125 0.51484375 0.051562500000000004 0.045312500000000006
0 0.63203125 0.359375 0.24531250000000002 0.09062500000000001
0 0.70703125 0.23515625 0.2609375 0.15781250000000002
