0 0.94921875 0.45 0.060937500000000006 0.059375000000000004
0 0.8929687500000001 0.43203125000000003 0.0546875 0.0671875
0 0.8539062500000001 0.41875 0.0546875 0.046875
0 0.7890625 0.41640625000000003 0.05625 0.051562500000000004
0 0.7890625 0.3640625 0.053125000000000006 0.040625
0 0.71484375 0.38593750000000004 0.1046875 0.1
0 0.41250000000000003 0.28359375000000003 0.296875 0.3796875
0 0.5109375 0.5296875 0.06875 0.059375000000000004
0 0.45234375000000004 0.5625 0.035937500000000004 0.034375
0 0.3796875 0.5578125 0.09375 0.10625000000000001
0 0.2703125 0.61640625 0.034375 0.0328125
0 0.68359375 0.5984375000000001 0.11406250000000001 0.08125
0 0.7093750000000001 0.71796875 0.153125 0.1546875
0 0.6195312500000001 0.7039062500000001 0.0703125 0.07968750000000001
0 0.6742187500000001 0.81015625 0.0734375 0.0734375
0 0.7835937500000001 0.80625 0.09843750000000001 0.084375
0 0.5710937500000001 0.8765625 0.22968750000000002 0.184375
0 0.5046875000000001 0.67109375 0.25 0.26406250000000003
