0 0.29375 0.2859375 0.08125 0.134375
0 0.33671875 0.2328125 0.051562500000000004 0.065625
0 0.3140625 0.1765625 0.043750000000000004 0.05625
0 0.13046875 0.3453125 0.0390625 0.034375
0 0.36328125 0.44062500000000004 0.0546875 0.06875
0 0.609375 0.3984375 0.09375 0.096875
0 0.8625 0.296875 0.065625 0.065625
0 0.6820312500000001 0.22968750000000002 0.09531250000000001 0.065625
0 0.40937500000000004 0.55859375 0.0625 0.0703125
0 0.5242187500000001 0.52578125 0.035937500000000004 0.0484375
0 0.6179687500000001 0.56796875 0.0546875 0.08281250000000001
0 0.7351562500000001 0.634375 0.0734375 0.10625000000000001
0 0.69453125 0.71640625 0.09843750000000001 0.1046875
0 0.66171875 0.7796875000000001 0.1296875 0.1125
0 0.5125000000000001 0.7234375000000001 0.065625 0.08125
0 0.42500000000000004 0.6414062500000001 0.0625 0.08281250000000001
0 0.49296875 0.81796875 0.1265625 0.2015625
0 0.35781250000000003 0.73984375 0.20625000000000002 0.3453125
