0 0.43125 0.61328125 0.109375 0.1171875
0 0.46328125000000003 0.6742187500000001 0.035937500000000004 0.0328125
0 0.12109375 0.50703125 0.035937500000000004 0.0421875
0 0.17421875 0.47187500000000004 0.0203125 0.025
0 0.15781250000000002 0.42812500000000003 0.043750000000000004 0.034375
0 0.19921875 0.40234375 0.045312500000000006 0.0578125
0 0.25390625 0.40625 0.0234375 0.021875000000000002
0 0.28750000000000003 0.35859375000000004 0.025 0.029687500000000002
0 0.24531250000000002 0.35625 0.018750000000000003 0.025
0 0.35468750000000004 0.41640625000000003 0.078125 0.11406250000000001
0 0.2484375 0.484375 0.034375 0.040625
0 0.29140625000000003 0.48828125 0.0546875 0.07968750000000001
0 0.32578125 0.478125 0.0140625 0.018750000000000003
0 0.36250000000000004 0.49140625000000004 0.037500000000000006 0.045312500000000006
0 0.29765625 0.5906250000000001 0.19843750000000002 0.17500000000000002
0 0.53515625 0.5476562500000001 0.1078125 0.0890625
0 0.4296875 0.4703125 0.021875000000000002 0.021875000000000002
0 0.6140625000000001 0.44765625000000003 0.07500000000000001 0.0859375
