3 0.39296875000000003 0.26953125 0.1453125 0.1078125
3 0.27578125000000003 0.3359375 0.1484375 0.134375
3 0.39921875 0.37031250000000004 0.0390625 0.040625
3 0.5609375 0.4625 0.065625 0.096875
3 0.5859375 0.3828125 0.065625 0.09375
3 0.6351562500000001 0.43281250000000004 0.0390625 0.046875
3 0.65390625 0.496875 0.035937500000000004 0.037500000000000006
3 0.5359375000000001 0.3296875 0.05 0.065625
3 0.446875 0.5296875 0.259375 0.3125
3 0.48750000000000004 0.20390625 0.046875 0.045312500000000006
