3 0.27421875 0.5828125000000001 0.13593750000000002 0.13125
3 0.446875 0.64609375 0.11875000000000001 0.1078125
3 0.37421875000000004 0.47421875 0.0390625 0.06406250000000001
3 0.5515625000000001 0.5015625 0.07500000000000001 0.05625
3 0.6023437500000001 0.41953125 0.051562500000000004 0.0484375
3 0.49062500000000003 0.24375000000000002 0.046875 0.034375
3 0.5296875 0.29609375 0.034375 0.0421875
3 0.5875 0.2703125 0.053125000000000006 0.07500000000000001
3 0.39453125 0.33515625000000004 0.0578125 0.0734375
3 0.3671875 0.39921875 0.09062500000000001 0.0859375
3 0.421875 0.51875 0.059375000000000004 0.043750000000000004
