0 0.3828125 0.12265625000000001 0.05 0.0328125
0 0.44453125000000004 0.2890625 0.060937500000000006 0.040625
0 0.47421875 0.3453125 0.0890625 0.05
0 0.5125000000000001 0.42890625000000004 0.040625 0.0328125
0 0.39765625000000004 0.41953125 0.1703125 0.0765625
0 0.33125000000000004 0.5484375 0.06875 0.043750000000000004
0 0.7210937500000001 0.153125 0.0328125 0.025
0 0.6640625 0.16015625 0.021875000000000002 0.029687500000000002
0 0.67890625 0.2546875 0.06406250000000001 0.040625
0 0.71796875 0.28359375000000003 0.0890625 0.0890625
0 0.73359375 0.68515625 0.0671875 0.15781250000000002
0 0.36171875000000003 0.7859375000000001 0.2015625 0.203125
0 0.5078125 0.7742187500000001 0.037500000000000006 0.029687500000000002
0 0.5945312500000001 0.6351562500000001 0.029687500000000002 0.0328125
0 0.63203125 0.78125 0.0671875 0.043750000000000004
0 0.31796875 0.25703125 0.060937500000000006 0.0328125
0 0.30312500000000003 0.17421875 0.028125 0.0234375
