0 0.48984375 0.1640625 0.0546875 0.043750000000000004
0 0.49531250000000004 0.32578125 0.065625 0.0546875
0 0.49062500000000003 0.38359375 0.09375 0.0734375
0 0.48750000000000004 0.46718750000000003 0.046875 0.040625
0 0.58046875 0.41953125 0.1703125 0.1234375
0 0.6820312500000001 0.5046875000000001 0.0734375 0.059375000000000004
0 0.215625 0.30703125000000003 0.037500000000000006 0.0328125
0 0.26640625 0.29296875 0.029687500000000002 0.0328125
0 0.28671875 0.37812500000000004 0.0671875 0.05625
0 0.26406250000000003 0.415625 0.10625000000000001 0.10625000000000001
0 0.38984375000000004 0.759375 0.11093750000000001 0.15625
0 0.7390625000000001 0.7156250000000001 0.240625 0.240625
0 0.6117187500000001 0.7562500000000001 0.0421875 0.037500000000000006
0 0.48984375 0.66953125 0.035937500000000004 0.0390625
0 0.509375 0.8054687500000001 0.07187500000000001 0.060937500000000006
0 0.59140625 0.2546875 0.06406250000000001 0.05
0 0.5750000000000001 0.1796875 0.03125 0.028125
