0 0.83984375 0.35703125 0.0578125 0.051562500000000004
0 0.80390625 0.40156250000000004 0.0578125 0.0625
0 0.77734375 0.43671875000000004 0.045312500000000006 0.051562500000000004
0 0.7171875000000001 0.47734375 0.065625 0.06406250000000001
0 0.7562500000000001 0.51796875 0.053125000000000006 0.0578125
0 0.671875 0.53828125 0.12187500000000001 0.09843750000000001
0 0.509375 0.51875 0.07500000000000001 0.06875
0 0.44765625000000003 0.4890625 0.051562500000000004 0.046875
0 0.3671875 0.49296875 0.09062500000000001 0.1078125
0 0.25234375000000003 0.446875 0.0328125 0.034375
0 0.4265625 0.7820312500000001 0.321875 0.3921875
