0 0.7585937500000001 0.5984375000000001 0.0421875 0.025
0 0.67109375 0.43984375000000003 0.06406250000000001 0.0703125
0 0.5554687500000001 0.44843750000000004 0.051562500000000004 0.059375000000000004
0 0.3015625 0.33046875000000003 0.08750000000000001 0.07968750000000001
0 0.40078125000000003 0.49296875 0.029687500000000002 0.0234375
0 0.4234375 0.58203125 0.037500000000000006 0.06406250000000001
0 0.384375 0.7132812500000001 0.13125 0.2234375
0 0.5984375000000001 0.82578125 0.025 0.0578125
0 0.6882812500000001 0.815625 0.026562500000000003 0.028125
0 0.76171875 0.89453125 0.026562500000000003 0.0390625
0 0.7312500000000001 0.7898437500000001 0.021875000000000002 0.0203125
0 0.6546875000000001 0.7195312500000001 0.08125 0.0859375
