0 0.19140625 0.565625 0.045312500000000006 0.037500000000000006
0 0.23671875 0.53828125 0.0421875 0.0484375
0 0.27187500000000003 0.515625 0.03125 0.040625
0 0.3375 0.49921875000000004 0.05 0.0484375
0 0.31640625 0.45078125 0.0390625 0.045312500000000006
0 0.39765625000000004 0.4609375 0.1046875 0.0625
0 0.5328125 0.53046875 0.059375000000000004 0.0484375
0 0.57734375 0.5765625 0.0421875 0.034375
0 0.6492187500000001 0.59921875 0.060937500000000006 0.0890625
0 0.734375 0.6765625000000001 0.025 0.028125
0 0.690625 0.32656250000000003 0.209375 0.33125000000000004
