3 0.29765625 0.73828125 0.06406250000000001 0.051562500000000004
3 0.26015625000000003 0.659375 0.1015625 0.078125
3 0.371875 0.66328125 0.096875 0.0671875
3 0.6937500000000001 0.60703125 0.043750000000000004 0.035937500000000004
3 0.5609375 0.6257812500000001 0.053125000000000006 0.051562500000000004
3 0.6296875000000001 0.57578125 0.053125000000000006 0.0546875
3 0.6429687500000001 0.5203125000000001 0.0734375 0.065625
3 0.7562500000000001 0.45156250000000003 0.046875 0.037500000000000006
3 0.69140625 0.4421875 0.0484375 0.05625
3 0.5171875 0.5265625 0.15937500000000002 0.23125
