0 0.565625 0.47250000000000003 0.05625 0.07166666666666667
0 0.7275 0.4391666666666667 0.02 0.03166666666666667
0 0.451875 0.325 0.06125 0.08666666666666667
0 0.261875 0.45333333333333337 0.12125 0.16
0 0.169375 0.39333333333333337 0.03625 0.04
0 0.201875 0.3416666666666667 0.02625 0.03333333333333333
0 0.340625 0.6266666666666667 0.09625 0.16333333333333333
0 0.483125 0.6950000000000001 0.03875 0.08
0 0.53125 0.6383333333333334 0.1075 0.19
0 0.4275 0.8383333333333334 0.04 0.05333333333333334
0 0.373125 0.8133333333333334 0.11625 0.16333333333333333
