0 0.2421875 0.821875 0.078125 0.05625
0 0.39765625000000004 0.7578125 0.13593750000000002 0.078125
0 0.39765625000000004 0.8265625000000001 0.051562500000000004 0.043750000000000004
0 0.8718750000000001 0.6109375 0.05 0.040625
0 0.6921875000000001 0.4765625 0.09062500000000001 0.06875
0 0.63203125 0.2734375 0.060937500000000006 0.059375000000000004
0 0.43593750000000003 0.56015625 0.05625 0.0578125
0 0.24375000000000002 0.5890625 0.12812500000000002 0.0625
0 0.39687500000000003 0.38671875 0.0625 0.026562500000000003
0 0.7640625000000001 0.37812500000000004 0.043750000000000004 0.034375
