0 0.35234375 0.3953125 0.11093750000000001 0.08750000000000001
0 0.45156250000000003 0.42031250000000003 0.06875 0.07187500000000001
0 0.44453125000000004 0.30703125000000003 0.15781250000000002 0.1765625
0 0.5421875 0.29921875000000003 0.034375 0.045312500000000006
0 0.46328125000000003 0.19765625 0.0484375 0.051562500000000004
0 0.53359375 0.20703125 0.0765625 0.0890625
0 0.6953125 0.49843750000000003 0.28125 0.34375
0 0.40703125 0.71640625 0.0890625 0.1328125
0 0.43125 0.634375 0.043750000000000004 0.046875
0 0.37578125 0.553125 0.1234375 0.1
0 0.2828125 0.5359375000000001 0.053125000000000006 0.053125000000000006
0 0.31562500000000004 0.49375 0.05625 0.053125000000000006
0 0.25234375000000003 0.46015625000000004 0.051562500000000004 0.0484375
0 0.21953125 0.42734375 0.0578125 0.060937500000000006
0 0.18281250000000002 0.38906250000000003 0.059375000000000004 0.05625
0 0.596875 0.6890625 0.246875 0.15625
0 0.625 0.8226562500000001 0.28125 0.22031250000000002
