0 0.7203125 0.28750000000000003 0.19062500000000002 0.15625
0 0.81953125 0.33515625000000004 0.0890625 0.0765625
0 0.78046875 0.42031250000000003 0.060937500000000006 0.07187500000000001
0 0.65 0.5281250000000001 0.025 0.028125
0 0.62890625 0.6203125 0.1046875 0.109375
0 0.503125 0.6820312500000001 0.084375 0.0703125
0 0.6117187500000001 0.28671875 0.3171875 0.27968750000000003
0 0.36640625000000004 0.3671875 0.15156250000000002 0.12187500000000001
0 0.3984375 0.12578125 0.12187500000000001 0.1015625
0 0.31015625 0.2015625 0.0390625 0.040625
0 0.42109375000000004 0.3140625 0.029687500000000002 0.025
