0 0.27265625 0.4109375 0.2015625 0.1875
0 0.146875 0.5234375 0.06875 0.065625
0 0.16562500000000002 0.62109375 0.125 0.1203125
0 0.2765625 0.6375000000000001 0.1125 0.11875000000000001
0 0.45625000000000004 0.5710937500000001 0.12187500000000001 0.16718750000000002
0 0.51796875 0.5437500000000001 0.035937500000000004 0.034375
0 0.61328125 0.6453125000000001 0.0546875 0.05
0 0.50546875 0.6742187500000001 0.07968750000000001 0.0890625
0 0.57578125 0.55 0.045312500000000006 0.046875
0 0.384375 0.596875 0.05625 0.07500000000000001
