0 0.2734375 0.40234375 0.20625000000000002 0.1015625
0 0.42890625000000004 0.6359375 0.18906250000000002 0.19062500000000002
0 0.49375 0.7562500000000001 0.07187500000000001 0.06875
0 0.30781250000000004 0.74921875 0.10625000000000001 0.08281250000000001
0 0.77265625 0.43828125 0.0484375 0.0546875
0 0.66953125 0.525 0.026562500000000003 0.037500000000000006
0 0.6390625000000001 0.478125 0.025 0.03125
0 0.7132812500000001 0.62109375 0.0546875 0.06406250000000001
0 0.8703125 0.5171875 0.046875 0.043750000000000004
0 0.7250000000000001 0.67890625 0.037500000000000006 0.0546875
