0 0.21796875000000002 0.5734375 0.0484375 0.040625
0 0.28671875 0.55390625 0.0703125 0.0703125
0 0.2171875 0.3765625 0.07187500000000001 0.07500000000000001
0 0.375 0.4546875 0.03125 0.03125
0 0.41718750000000004 0.46406250000000004 0.037500000000000006 0.037500000000000006
0 0.31875000000000003 0.6820312500000001 0.12812500000000002 0.13593750000000002
0 0.45234375000000004 0.8250000000000001 0.31093750000000003 0.34375
0 0.6273437500000001 0.7093750000000001 0.22968750000000002 0.184375
0 0.6312500000000001 0.64765625 0.025 0.0234375
0 0.74609375 0.6109375 0.0171875 0.018750000000000003
0 0.7140625 0.8078125 0.025 0.028125
0 0.7937500000000001 0.88046875 0.037500000000000006 0.0328125
0 0.74375 0.55390625 0.028125 0.029687500000000002
0 0.8140625 0.509375 0.084375 0.084375
0 0.7953125000000001 0.45234375000000004 0.046875 0.0390625
0 0.5859375 0.41953125 0.084375 0.09843750000000001
0 0.59609375 0.51953125 0.0703125 0.0703125
0 0.70234375 0.47500000000000003 0.16718750000000002 0.17500000000000002
0 0.66796875 0.6039062500000001 0.035937500000000004 0.0328125
0 0.7390625000000001 0.7054687500000001 0.021875000000000002 0.0203125
