0 0.25078125 0.321875 0.1015625 0.140625
0 0.28515625 0.2609375 0.060937500000000006 0.07187500000000001
0 0.253125 0.2078125 0.05 0.059375000000000004
0 0.09531250000000001 0.40859375000000003 0.043750000000000004 0.0390625
0 0.34765625 0.46640625 0.06406250000000001 0.0734375
0 0.5890625 0.38203125000000004 0.10625000000000001 0.1078125
0 0.828125 0.23671875 0.07187500000000001 0.0734375
0 0.634375 0.19921875 0.1 0.07968750000000001
0 0.41328125000000004 0.578125 0.0703125 0.07500000000000001
0 0.525 0.52578125 0.043750000000000004 0.051562500000000004
0 0.6265625 0.55234375 0.065625 0.0890625
0 0.7562500000000001 0.59921875 0.09062500000000001 0.11406250000000001
0 0.728125 0.6898437500000001 0.1125 0.1171875
0 0.70625 0.759375 0.140625 0.12812500000000002
0 0.546875 0.7273437500000001 0.078125 0.0890625
0 0.44375000000000003 0.659375 0.07500000000000001 0.09062500000000001
0 0.5421875 0.8265625000000001 0.15625 0.21250000000000002
0 0.39296875000000003 0.77109375 0.2578125 0.3640625
