0 0.5546875 0.6351562500000001 0.0625 0.051562500000000004
0 0.534375 0.6921875000000001 0.034375 0.034375
0 0.49609375 0.78828125 0.0421875 0.0765625
0 0.40390625 0.5945312500000001 0.0328125 0.051562500000000004
0 0.42265625 0.5296875 0.0421875 0.043750000000000004
0 0.4578125 0.52734375 0.03125 0.0703125
0 0.5789062500000001 0.5421875 0.0671875 0.037500000000000006
0 0.5390625 0.42734375 0.040625 0.0546875
0 0.7445312500000001 0.30703125000000003 0.0421875 0.0484375
0 0.6421875 0.16015625 0.028125 0.035937500000000004
0 0.64453125 0.4625 0.0859375 0.10625000000000001
