3 0.39687500000000003 0.534375 0.18125000000000002 0.225
3 0.5671875000000001 0.87890625 0.30625 0.1953125
3 0.5109375 0.73984375 0.10625000000000001 0.0734375
3 0.56640625 0.68359375 0.0921875 0.060937500000000006
3 0.61640625 0.6203125 0.0671875 0.05625
3 0.6859375000000001 0.58515625 0.109375 0.0921875
3 0.6078125000000001 0.56796875 0.046875 0.045312500000000006
3 0.63984375 0.51015625 0.0484375 0.0484375
3 0.32421875 0.628125 0.0703125 0.05
3 0.29296875 0.5554687500000001 0.045312500000000006 0.0484375
