0 0.79296875 0.4390625 0.0421875 0.034375
0 0.6296875000000001 0.4296875 0.08125 0.08750000000000001
0 0.55859375 0.3296875 0.0671875 0.05625
0 0.5375 0.27890625 0.084375 0.0703125
0 0.61875 0.275 0.15625 0.17500000000000002
0 0.61328125 0.6937500000000001 0.0390625 0.043750000000000004
0 0.49062500000000003 0.6640625 0.03125 0.03125
0 0.49140625000000004 0.70234375 0.029687500000000002 0.029687500000000002
0 0.53671875 0.821875 0.051562500000000004 0.053125000000000006
0 0.46406250000000004 0.8031250000000001 0.15000000000000002 0.153125
