3 0.17890625000000002 0.56171875 0.0765625 0.0703125
3 0.19843750000000002 0.46718750000000003 0.12187500000000001 0.10625000000000001
3 0.29531250000000003 0.54609375 0.1125 0.09531250000000001
3 0.6171875 0.7117187500000001 0.053125000000000006 0.0484375
3 0.48750000000000004 0.6390625000000001 0.065625 0.065625
3 0.58125 0.640625 0.06875 0.06875
3 0.6296875000000001 0.60078125 0.09062500000000001 0.0859375
3 0.77734375 0.6171875 0.0578125 0.053125000000000006
3 0.72578125 0.56484375 0.06406250000000001 0.0703125
3 0.515625 0.52265625 0.225 0.2703125
