0 0.43515625 0.4421875 0.0703125 0.0625
0 0.421875 0.3828125 0.040625 0.040625
0 0.40468750000000003 0.278125 0.059375000000000004 0.08125
0 0.5875 0.39687500000000003 0.043750000000000004 0.05625
0 0.60546875 0.46328125000000003 0.051562500000000004 0.051562500000000004
0 0.57578125 0.484375 0.0484375 0.07187500000000001
0 0.46328125000000003 0.5359375000000001 0.0703125 0.053125000000000006
0 0.5593750000000001 0.6140625000000001 0.053125000000000006 0.0625
0 0.44453125000000004 0.82734375 0.051562500000000004 0.0546875
0 0.6125 0.9015625 0.034375 0.040625
0 0.44921875 0.63984375 0.1078125 0.1203125
