3 0.34375 0.30546875 0.07500000000000001 0.1171875
3 0.50390625 0.37890625 0.18906250000000002 0.1546875
3 0.25859375 0.5859375 0.029687500000000002 0.037500000000000006
3 0.29140625000000003 0.5203125000000001 0.0546875 0.046875
3 0.33437500000000003 0.5609375 0.037500000000000006 0.034375
3 0.35781250000000003 0.6062500000000001 0.03125 0.037500000000000006
3 0.4140625 0.58828125 0.040625 0.0390625
3 0.42890625000000004 0.696875 0.0421875 0.03125
3 0.49531250000000004 0.5234375 0.09062500000000001 0.109375
3 0.5867187500000001 0.61484375 0.1015625 0.09531250000000001
