0 0.81953125 0.8445312500000001 0.0421875 0.0578125
0 0.88203125 0.6828125 0.035937500000000004 0.053125000000000006
0 0.74765625 0.71796875 0.0484375 0.0578125
0 0.7523437500000001 0.56875 0.0390625 0.05625
0 0.7054687500000001 0.5546875 0.0765625 0.10312500000000001
0 0.578125 0.61484375 0.08750000000000001 0.13593750000000002
0 0.53359375 0.47109375000000003 0.0484375 0.0578125
0 0.403125 0.32109375 0.043750000000000004 0.051562500000000004
0 0.3953125 0.46718750000000003 0.046875 0.046875
0 0.46953125 0.52890625 0.11093750000000001 0.1046875
0 0.671875 0.22734375 0.28125 0.2859375
0 0.7296875 0.37812500000000004 0.03125 0.034375
0 0.796875 0.32109375 0.034375 0.0328125
