0 0.471875 0.4758333333333334 0.05375 0.06833333333333334
0 0.31625000000000003 0.4466666666666667 0.02 0.030000000000000002
0 0.579375 0.33166666666666667 0.058750000000000004 0.08333333333333334
0 0.763125 0.4525 0.11625 0.155
0 0.851875 0.3925 0.03375 0.03833333333333334
0 0.820625 0.3441666666666667 0.02625 0.03166666666666667
0 0.689375 0.6191666666666668 0.09375 0.15833333333333335
0 0.553125 0.6875 0.03875 0.07833333333333334
0 0.50625 0.6341666666666667 0.105 0.18500000000000003
0 0.608125 0.8241666666666667 0.03875 0.05166666666666667
0 0.66 0.8 0.1125 0.15666666666666668
