0 0.28828125 0.6609375000000001 0.1078125 0.11875000000000001
0 0.17421875 0.696875 0.029687500000000002 0.028125
0 0.20234375000000002 0.74140625 0.035937500000000004 0.0390625
0 0.08671875000000001 0.78828125 0.045312500000000006 0.051562500000000004
0 0.5609375 0.7914062500000001 0.234375 0.2765625
0 0.29296875 0.7984375 0.051562500000000004 0.07187500000000001
0 0.61328125 0.6843750000000001 0.0484375 0.046875
0 0.6218750000000001 0.5671875000000001 0.046875 0.053125000000000006
0 0.7039062500000001 0.53046875 0.0703125 0.0734375
0 0.66328125 0.434375 0.051562500000000004 0.046875
0 0.8304687500000001 0.6507812500000001 0.0421875 0.0421875
0 0.41171875 0.36250000000000004 0.09531250000000001 0.10312500000000001
0 0.5242187500000001 0.43046875 0.07968750000000001 0.0859375
0 0.24296875 0.48125 0.060937500000000006 0.053125000000000006
0 0.7664062500000001 0.47265625 0.0328125 0.035937500000000004
