0 0.60859375 0.2515625 0.1453125 0.25625000000000003
0 0.521875 0.15546875000000002 0.05 0.06406250000000001
0 0.46328125000000003 0.22812500000000002 0.1421875 0.11875000000000001
0 0.453125 0.30078125 0.03125 0.0328125
0 0.3015625 0.5125000000000001 0.096875 0.1125
0 0.3359375 0.665625 0.146875 0.134375
0 0.23593750000000002 0.6898437500000001 0.05625 0.0734375
0 0.2703125 0.6046875 0.034375 0.043750000000000004
0 0.52734375 0.5945312500000001 0.0328125 0.0390625
0 0.60859375 0.5 0.17343750000000002 0.153125
0 0.675 0.39375000000000004 0.046875 0.043750000000000004
0 0.6171875 0.609375 0.146875 0.11875000000000001
0 0.603125 0.68515625 0.07500000000000001 0.06406250000000001
0 0.80078125 0.63671875 0.0921875 0.07968750000000001
0 0.77265625 0.59921875 0.0328125 0.029687500000000002
