3 0.31093750000000003 0.8031250000000001 0.07500000000000001 0.065625
3 0.4609375 0.69140625 0.046875 0.0484375
3 0.50234375 0.70703125 0.0421875 0.045312500000000006
3 0.5765625 0.6609375000000001 0.053125000000000006 0.078125
3 0.63203125 0.5328125 0.1328125 0.1125
3 0.67734375 0.60546875 0.09531250000000001 0.09531250000000001
3 0.32421875 0.5203125000000001 0.0765625 0.05625
3 0.35625 0.47187500000000004 0.05625 0.05
3 0.4234375 0.46875 0.08125 0.10312500000000001
3 0.240625 0.56015625 0.07500000000000001 0.0765625
3 0.3453125 0.6515625 0.06875 0.07187500000000001
