0 0.09140625000000001 0.34296875000000004 0.09531250000000001 0.0765625
0 0.28359375000000003 0.3375 0.1609375 0.1125
0 0.2515625 0.26484375 0.065625 0.0578125
0 0.8445312500000001 0.2671875 0.060937500000000006 0.053125000000000006
0 0.7210937500000001 0.49140625000000004 0.11093750000000001 0.0921875
0 0.7523437500000001 0.73046875 0.07968750000000001 0.0765625
0 0.415625 0.5242187500000001 0.07187500000000001 0.0734375
0 0.20234375000000002 0.5828125000000001 0.15156250000000002 0.09375
0 0.45546875000000003 0.72265625 0.0734375 0.0421875
0 0.8406250000000001 0.56015625 0.053125000000000006 0.045312500000000006
