3 0.35781250000000003 0.17734375000000002 0.08750000000000001 0.07968750000000001
3 0.49375 0.32890625 0.05625 0.0578125
3 0.540625 0.32109375 0.053125000000000006 0.0546875
3 0.6109375 0.38671875 0.06875 0.0859375
3 0.6414062500000001 0.53515625 0.1546875 0.1390625
3 0.7054687500000001 0.46796875000000004 0.11406250000000001 0.11406250000000001
3 0.31093750000000003 0.48281250000000003 0.08750000000000001 0.07187500000000001
3 0.33359375 0.54140625 0.0671875 0.060937500000000006
3 0.40546875000000004 0.5593750000000001 0.1015625 0.11875000000000001
3 0.22890625 0.421875 0.0890625 0.09062500000000001
3 0.3609375 0.34687500000000004 0.084375 0.084375
