3 0.53671875 0.27578125000000003 0.2828125 0.32656250000000003
3 0.5609375 0.46328125000000003 0.0625 0.08281250000000001
3 0.46718750000000003 0.5671875000000001 0.059375000000000004 0.046875
3 0.446875 0.6640625 0.037500000000000006 0.040625
3 0.54921875 0.5750000000000001 0.0765625 0.0625
3 0.5671875000000001 0.6492187500000001 0.05625 0.0578125
3 0.73359375 0.64375 0.051562500000000004 0.053125000000000006
3 0.7289062500000001 0.48984375 0.08281250000000001 0.07968750000000001
3 0.73046875 0.5734375 0.1265625 0.1
3 0.68125 0.68515625 0.0625 0.051562500000000004
3 0.671875 0.7601562500000001 0.096875 0.11406250000000001
3 0.5453125 0.52578125 0.065625 0.0484375
