0 0.8460937500000001 0.48281250000000003 0.045312500000000006 0.046875
0 0.8 0.47109375000000003 0.046875 0.0546875
0 0.7585937500000001 0.4578125 0.0390625 0.043750000000000004
0 0.6960937500000001 0.45859375 0.0484375 0.0546875
0 0.7078125000000001 0.4078125 0.040625 0.046875
0 0.6273437500000001 0.43515625 0.1046875 0.07968750000000001
0 0.5890625 0.76171875 0.11875000000000001 0.21406250000000002
0 0.41875 0.62109375 0.07187500000000001 0.0890625
0 0.35781250000000003 0.7195312500000001 0.028125 0.029687500000000002
0 0.31875000000000003 0.3765625 0.23125 0.340625
