3 0.525 0.5578125 0.07187500000000001 0.1125
3 0.6726562500000001 0.44609375 0.1015625 0.1921875
3 0.49062500000000003 0.7523437500000001 0.05625 0.0765625
3 0.38203125000000004 0.8070312500000001 0.0578125 0.0421875
3 0.23046875 0.46718750000000003 0.045312500000000006 0.03125
3 0.45937500000000003 0.41640625000000003 0.043750000000000004 0.045312500000000006
3 0.1796875 0.6296875000000001 0.08750000000000001 0.134375
3 0.07968750000000001 0.58515625 0.03125 0.0328125
3 0.2671875 0.36875 0.065625 0.046875
3 0.5867187500000001 0.17734375000000002 0.1796875 0.3515625
