0 0.45546875000000003 0.8328125000000001 0.0390625 0.034375
0 0.44765625000000003 0.78515625 0.0234375 0.026562500000000003
0 0.37421875000000004 0.74921875 0.026562500000000003 0.026562500000000003
0 0.39375000000000004 0.7054687500000001 0.046875 0.0421875
0 0.5265625 0.64375 0.021875000000000002 0.025
0 0.42890625000000004 0.7296875 0.0234375 0.03125
0 0.2625 0.71875 0.040625 0.034375
0 0.34765625 0.62421875 0.029687500000000002 0.026562500000000003
0 0.29765625 0.5515625000000001 0.1390625 0.109375
0 0.47265625 0.53515625 0.06406250000000001 0.06406250000000001
0 0.503125 0.84921875 0.028125 0.029687500000000002
0 0.44609375 0.87890625 0.0421875 0.0328125
0 0.6984375 0.54140625 0.03125 0.035937500000000004
0 0.4265625 0.29531250000000003 0.109375 0.09375
0 0.6171875 0.21796875000000002 0.134375 0.1046875
0 0.7117187500000001 0.21484375 0.07968750000000001 0.0765625
