3 0.7468750000000001 0.6156250000000001 0.05 0.043750000000000004
3 0.71796875 0.57578125 0.035937500000000004 0.035937500000000004
3 0.71484375 0.521875 0.0484375 0.043750000000000004
3 0.7195312500000001 0.38984375000000004 0.15156250000000002 0.1203125
3 0.5375 0.48046875 0.0625 0.06406250000000001
3 0.53359375 0.6296875000000001 0.045312500000000006 0.043750000000000004
3 0.42421875000000003 0.7562500000000001 0.17343750000000002 0.21250000000000002
3 0.784375 0.67578125 0.028125 0.0328125
3 0.796875 0.72265625 0.046875 0.0546875
3 0.6351562500000001 0.47968750000000004 0.0546875 0.043750000000000004
