3 0.4765625 0.69296875 0.153125 0.1453125
3 0.5609375 0.7375 0.03125 0.040625
3 0.7328125000000001 0.5554687500000001 0.065625 0.0578125
3 0.696875 0.44140625 0.08750000000000001 0.0859375
3 0.5953125 0.5203125000000001 0.05625 0.07187500000000001
3 0.5 0.4296875 0.09062500000000001 0.07500000000000001
3 0.665625 0.3796875 0.07187500000000001 0.06875
3 0.56484375 0.33359375 0.0546875 0.051562500000000004
3 0.29531250000000003 0.48515625 0.0625 0.0765625
3 0.31328125 0.62421875 0.08281250000000001 0.08281250000000001
3 0.31640625 0.69453125 0.0671875 0.0578125
3 0.24921875000000002 0.56796875 0.051562500000000004 0.0484375
3 0.18515625000000002 0.5609375 0.045312500000000006 0.046875
3 0.2328125 0.509375 0.065625 0.059375000000000004
