0 0.37890625 0.23125 0.1796875 0.23125
0 0.6421875 0.16171875000000002 0.05 0.0328125
0 0.58203125 0.29296875 0.045312500000000006 0.0390625
0 0.5578125 0.33359375 0.07187500000000001 0.0390625
0 0.465625 0.37421875000000004 0.1 0.1015625
0 0.52578125 0.40703125 0.0328125 0.035937500000000004
0 0.63984375 0.39765625000000004 0.1796875 0.0859375
0 0.7039062500000001 0.215625 0.0234375 0.037500000000000006
0 0.64609375 0.22109375 0.0203125 0.0203125
0 0.690625 0.27265625 0.046875 0.029687500000000002
0 0.6578125 0.571875 0.059375000000000004 0.053125000000000006
0 0.6257812500000001 0.7578125 0.1796875 0.17500000000000002
0 0.4390625 0.62890625 0.034375 0.026562500000000003
0 0.4078125 0.74609375 0.05625 0.0390625
0 0.50234375 0.74765625 0.029687500000000002 0.0234375
0 0.32343750000000004 0.66171875 0.059375000000000004 0.13593750000000002
