0 0.6625000000000001 0.7109375 0.109375 0.10312500000000001
0 0.60859375 0.55703125 0.1390625 0.13593750000000002
0 0.44140625 0.5296875 0.0390625 0.03125
0 0.496875 0.73046875 0.065625 0.045312500000000006
0 0.53125 0.34140625 0.08125 0.1078125
0 0.6921875000000001 0.54296875 0.05 0.08281250000000001
0 0.7523437500000001 0.5625 0.045312500000000006 0.043750000000000004
0 0.73359375 0.596875 0.0390625 0.040625
0 0.70234375 0.609375 0.029687500000000002 0.025
0 0.73828125 0.66796875 0.029687500000000002 0.026562500000000003
