3 0.496875 0.33671875 0.15000000000000002 0.1390625
3 0.5921875 0.3015625 0.028125 0.040625
3 0.74921875 0.5171875 0.06406250000000001 0.05625
3 0.6953125 0.6328125 0.084375 0.084375
3 0.59921875 0.5359375000000001 0.051562500000000004 0.07187500000000001
3 0.4859375 0.6179687500000001 0.08750000000000001 0.0703125
3 0.65390625 0.69296875 0.0703125 0.0671875
3 0.54140625 0.728125 0.051562500000000004 0.05
3 0.27734375 0.53046875 0.0578125 0.0765625
3 0.31562500000000004 0.38671875 0.08125 0.07968750000000001
3 0.328125 0.31328125 0.06875 0.0546875
3 0.240625 0.43671875000000004 0.05 0.045312500000000006
3 0.171875 0.43515625 0.043750000000000004 0.045312500000000006
3 0.21484375 0.496875 0.06406250000000001 0.05625
