3 0.5484375 0.26328125 0.153125 0.13593750000000002
3 0.6882812500000001 0.34609375000000003 0.060937500000000006 0.08281250000000001
3 0.7132812500000001 0.4234375 0.0578125 0.09375
3 0.67734375 0.44609375 0.051562500000000004 0.0671875
3 0.53828125 0.47187500000000004 0.1015625 0.08125
3 0.49921875000000004 0.4234375 0.060937500000000006 0.05
3 0.37265625 0.35078125000000004 0.0421875 0.0484375
3 0.48046875 0.321875 0.0421875 0.043750000000000004
3 0.49843750000000003 0.57265625 0.22812500000000002 0.22968750000000002
3 0.25859375 0.41171875 0.11093750000000001 0.1203125
3 0.16875 0.4703125 0.065625 0.09375
3 0.23515625 0.49921875000000004 0.0546875 0.060937500000000006
