0 0.6265625 0.4578125 0.07500000000000001 0.08125
0 0.51015625 0.3140625 0.0578125 0.046875
0 0.5859375 0.234375 0.043750000000000004 0.046875
0 0.54140625 0.27734375 0.0390625 0.045312500000000006
0 0.39921875 0.30234375 0.1546875 0.1765625
0 0.26328125 0.7421875 0.2484375 0.30625
0 0.6234375000000001 0.6117187500000001 0.046875 0.0546875
0 0.43828125 0.6351562500000001 0.0546875 0.0703125
0 0.628125 0.67109375 0.034375 0.035937500000000004
0 0.63046875 0.7515625 0.0484375 0.0625
0 0.565625 0.5828125000000001 0.028125 0.03125
0 0.5164062500000001 0.5953125 0.0234375 0.021875000000000002
