0 0.5125000000000001 0.20234375000000002 0.084375 0.0890625
0 0.5593750000000001 0.29609375 0.05 0.045312500000000006
0 0.5078125 0.52265625 0.109375 0.08281250000000001
0 0.540625 0.43984375000000003 0.025 0.0234375
0 0.46796875000000004 0.4609375 0.0328125 0.03125
0 0.32734375000000004 0.47890625000000003 0.2171875 0.2078125
0 0.15000000000000002 0.7265625 0.040625 0.028125
0 0.19140625 0.73984375 0.0421875 0.035937500000000004
0 0.36484375 0.69296875 0.08281250000000001 0.1203125
0 0.59765625 0.8078125 0.2515625 0.2
