3 0.49140625000000004 0.5789062500000001 0.0484375 0.045312500000000006
3 0.7765625 0.51328125 0.0625 0.0578125
3 0.6781250000000001 0.5671875000000001 0.115625 0.134375
3 0.6234375000000001 0.6570312500000001 0.046875 0.051562500000000004
3 0.38828125 0.69453125 0.2171875 0.23593750000000002
3 0.49062500000000003 0.38828125 0.1625 0.1015625
3 0.321875 0.42734375 0.10312500000000001 0.09531250000000001
3 0.40156250000000004 0.46796875000000004 0.05625 0.0546875
3 0.24296875 0.578125 0.06406250000000001 0.0625
3 0.33359375 0.525 0.0671875 0.09062500000000001
