0 0.3515625 0.49531250000000004 0.034375 0.034375
0 0.496875 0.328125 0.05625 0.053125000000000006
0 0.22031250000000002 0.65546875 0.10625000000000001 0.07968750000000001
0 0.26328125 0.55703125 0.0671875 0.1203125
0 0.30078125 0.7453125 0.0390625 0.059375000000000004
0 0.27421875 0.7953125000000001 0.051562500000000004 0.07187500000000001
0 0.17421875 0.7679687500000001 0.09531250000000001 0.1484375
0 0.5125000000000001 0.7445312500000001 0.053125000000000006 0.1953125
0 0.565625 0.7562500000000001 0.028125 0.03125
0 0.5710937500000001 0.7828125 0.051562500000000004 0.065625
0 0.65 0.8703125 0.065625 0.053125000000000006
0 0.7367187500000001 0.8421875000000001 0.0765625 0.096875
0 0.7468750000000001 0.7734375 0.034375 0.025
0 0.640625 0.6820312500000001 0.125 0.0921875
0 0.76171875 0.6804687500000001 0.06406250000000001 0.1234375
0 0.5281250000000001 0.5703125 0.034375 0.03125
0 0.62265625 0.50546875 0.0421875 0.026562500000000003
