3 0.515625 0.62421875 0.178125 0.1765625
3 0.39140625 0.61484375 0.09531250000000001 0.09843750000000001
3 0.6492187500000001 0.56171875 0.1296875 0.1265625
3 0.5703125 0.4390625 0.07187500000000001 0.065625
3 0.434375 0.3953125 0.134375 0.13125
3 0.31875000000000003 0.46171875 0.16875 0.18906250000000002
3 0.38984375000000004 0.3171875 0.0578125 0.059375000000000004
3 0.50546875 0.22265625 0.21406250000000002 0.2015625
3 0.64453125 0.403125 0.09843750000000001 0.08750000000000001
3 0.72421875 0.2078125 0.060937500000000006 0.05625
3 0.7117187500000001 0.2625 0.1546875 0.134375
