0 0.47500000000000003 0.6062500000000001 0.15625 0.096875
0 0.62109375 0.7273437500000001 0.0234375 0.029687500000000002
0 0.5109375 0.6984375 0.078125 0.096875
0 0.43593750000000003 0.6625000000000001 0.05625 0.05
0 0.37734375000000003 0.6726562500000001 0.0328125 0.035937500000000004
0 0.2765625 0.7125 0.018750000000000003 0.021875000000000002
0 0.31953125000000004 0.75390625 0.0671875 0.0703125
0 0.446875 0.7445312500000001 0.015625 0.0171875
0 0.26015625000000003 0.7515625 0.0390625 0.025
0 0.20234375000000002 0.7195312500000001 0.029687500000000002 0.0203125
0 0.6492187500000001 0.39296875000000003 0.0578125 0.0765625
0 0.6023437500000001 0.19609375 0.035937500000000004 0.026562500000000003
