3 0.54140625 0.44609375 0.045312500000000006 0.0421875
3 0.2328125 0.4703125 0.059375000000000004 0.053125000000000006
3 0.34453125 0.4296875 0.1046875 0.12812500000000002
3 0.415625 0.34453125 0.043750000000000004 0.0484375
3 0.6671875 0.34140625 0.2 0.2234375
3 0.51328125 0.6453125000000001 0.1609375 0.084375
3 0.6953125 0.6312500000000001 0.096875 0.08750000000000001
3 0.6179687500000001 0.57578125 0.051562500000000004 0.051562500000000004
3 0.80078125 0.48515625 0.060937500000000006 0.0578125
3 0.6976562500000001 0.5265625 0.0578125 0.08750000000000001
