0 0.45078125 0.7507812500000001 0.1328125 0.1484375
0 0.35625 0.5281250000000001 0.03125 0.03125
0 0.4078125 0.4 0.053125000000000006 0.07500000000000001
0 0.39687500000000003 0.32734375000000004 0.037500000000000006 0.0421875
0 0.209375 0.40859375000000003 0.08750000000000001 0.0734375
0 0.53359375 0.21406250000000002 0.0734375 0.09062500000000001
0 0.521875 0.3015625 0.037500000000000006 0.040625
0 0.6078125000000001 0.21171875 0.046875 0.045312500000000006
0 0.61484375 0.31875000000000003 0.1390625 0.1625
0 0.59765625 0.42812500000000003 0.060937500000000006 0.06875
0 0.70234375 0.415625 0.09843750000000001 0.07500000000000001
0 0.6625000000000001 0.6570312500000001 0.037500000000000006 0.0421875
0 0.58359375 0.6570312500000001 0.0890625 0.1046875
0 0.6960937500000001 0.72265625 0.0578125 0.0671875
0 0.7664062500000001 0.7835937500000001 0.0546875 0.06406250000000001
0 0.884375 0.7671875 0.23125 0.275
0 0.6375000000000001 0.7195312500000001 0.03125 0.0328125
0 0.70703125 0.7921875 0.0390625 0.040625
