0 0.77109375 0.44453125000000004 0.1015625 0.09843750000000001
0 0.58828125 0.52890625 0.08281250000000001 0.0921875
0 0.5421875 0.3765625 0.03125 0.034375
0 0.45937500000000003 0.371875 0.040625 0.040625
0 0.44140625 0.41015625 0.06406250000000001 0.0578125
0 0.38203125000000004 0.42031250000000003 0.06406250000000001 0.07187500000000001
0 0.36484375 0.50546875 0.051562500000000004 0.0578125
0 0.2828125 0.534375 0.08750000000000001 0.08750000000000001
0 0.5421875 0.26171875 0.253125 0.26406250000000003
0 0.65546875 0.20546875 0.06406250000000001 0.0578125
0 0.58828125 0.0421875 0.0578125 0.05625
0 0.7000000000000001 0.24453125 0.10312500000000001 0.0734375
0 0.7781250000000001 0.203125 0.0625 0.053125000000000006
0 0.41328125000000004 0.70859375 0.029687500000000002 0.0328125
