0 0.58046875 0.6820312500000001 0.045312500000000006 0.045312500000000006
0 0.49296875 0.69296875 0.11406250000000001 0.09843750000000001
0 0.6765625000000001 0.6312500000000001 0.0625 0.0625
0 0.7000000000000001 0.6820312500000001 0.06875 0.0703125
0 0.603125 0.815625 0.043750000000000004 0.040625
0 0.7109375 0.78671875 0.13125 0.1234375
0 0.3375 0.6234375000000001 0.05 0.059375000000000004
0 0.375 0.6039062500000001 0.037500000000000006 0.035937500000000004
0 0.41250000000000003 0.5578125 0.05625 0.05
0 0.40156250000000004 0.515625 0.018750000000000003 0.018750000000000003
0 0.46718750000000003 0.5109375 0.115625 0.134375
0 0.32656250000000003 0.54453125 0.06875 0.06406250000000001
0 0.34375 0.4859375 0.06875 0.06875
0 0.26640625 0.484375 0.11406250000000001 0.115625
0 0.47187500000000004 0.33671875 0.034375 0.035937500000000004
0 0.5281250000000001 0.46875 0.034375 0.03125
0 0.64453125 0.4734375 0.22031250000000002 0.21250000000000002
0 0.7328125000000001 0.35781250000000003 0.1125 0.115625
0 0.5484375 0.28203125 0.1 0.1046875
0 0.6195312500000001 0.27187500000000003 0.0421875 0.040625
0 0.70703125 0.2515625 0.0390625 0.040625
