0 0.6984375 0.37734375000000003 0.13125 0.0734375
0 0.6453125000000001 0.28828125 0.16562500000000002 0.1234375
0 0.7914062500000001 0.20234375000000002 0.1265625 0.1234375
0 0.6578125 0.10312500000000001 0.21875 0.18125000000000002
0 0.6882812500000001 0.534375 0.051562500000000004 0.046875
0 0.59609375 0.48046875 0.026562500000000003 0.026562500000000003
0 0.6046875 0.5421875 0.053125000000000006 0.059375000000000004
0 0.6804687500000001 0.6570312500000001 0.1390625 0.1859375
0 0.73984375 0.7992187500000001 0.0421875 0.051562500000000004
0 0.67890625 0.80859375 0.0734375 0.1078125
0 0.40390625 0.63671875 0.1453125 0.1328125
0 0.42265625 0.496875 0.0546875 0.05625
0 0.29921875000000003 0.41250000000000003 0.06406250000000001 0.05625
0 0.21796875000000002 0.33906250000000004 0.0390625 0.034375
0 0.16171875000000002 0.4234375 0.0890625 0.06875
