3 0.36484375 0.32578125 0.1390625 0.1203125
3 0.35468750000000004 0.4109375 0.053125000000000006 0.05625
3 0.40234375 0.4453125 0.0578125 0.07187500000000001
3 0.5453125 0.5164062500000001 0.0625 0.0484375
3 0.52578125 0.5796875 0.0546875 0.053125000000000006
3 0.61640625 0.37343750000000003 0.1796875 0.171875
3 0.62890625 0.5007812500000001 0.0546875 0.045312500000000006
3 0.61484375 0.55703125 0.029687500000000002 0.029687500000000002
3 0.67109375 0.6140625000000001 0.1265625 0.125
3 0.35546875 0.6179687500000001 0.22968750000000002 0.2234375
3 0.28203125 0.48828125 0.09531250000000001 0.07968750000000001
