0 0.58984375 0.27187500000000003 0.22031250000000002 0.21875
0 0.36875 0.32734375000000004 0.05625 0.0484375
0 0.41875 0.43984375000000003 0.037500000000000006 0.0328125
0 0.65625 0.4609375 0.06875 0.046875
0 0.60859375 0.52734375 0.0546875 0.0421875
0 0.5164062500000001 0.6609375000000001 0.0484375 0.059375000000000004
0 0.6546875000000001 0.54296875 0.040625 0.0484375
0 0.6859375000000001 0.5867187500000001 0.03125 0.035937500000000004
0 0.73046875 0.6429687500000001 0.0390625 0.0578125
0 0.46484375 0.31171875000000004 0.0328125 0.0328125
0 0.28984375 0.41875 0.09843750000000001 0.15000000000000002
0 0.42578125 0.8375 0.2328125 0.29375
