3 0.52578125 0.62109375 0.17343750000000002 0.1703125
3 0.64609375 0.6156250000000001 0.0921875 0.09375
3 0.39921875 0.55625 0.1265625 0.12187500000000001
3 0.47890625000000003 0.44062500000000004 0.0703125 0.0625
3 0.6117187500000001 0.403125 0.1296875 0.12812500000000002
3 0.7210937500000001 0.47109375000000003 0.16718750000000002 0.18281250000000002
3 0.6578125 0.32890625 0.05625 0.0578125
3 0.54921875 0.234375 0.2078125 0.19687500000000002
3 0.40937500000000004 0.40234375 0.096875 0.0859375
3 0.33906250000000004 0.21250000000000002 0.059375000000000004 0.053125000000000006
3 0.35000000000000003 0.265625 0.15000000000000002 0.13125
