2 0.5007812500000001 0.7523437500000001 0.19843750000000002 0.18906250000000002
2 0.60703125 0.596875 0.0484375 0.065625
2 0.53828125 0.6179687500000001 0.045312500000000006 0.0484375
2 0.36953125000000003 0.6937500000000001 0.0734375 0.07500000000000001
2 0.3359375 0.7890625 0.034375 0.053125000000000006
2 0.7156250000000001 0.4453125 0.30312500000000003 0.27187500000000003
2 0.46640625 0.58046875 0.045312500000000006 0.0328125
2 0.49843750000000003 0.5 0.0625 0.046875
2 0.39687500000000003 0.42734375 0.1625 0.1328125
2 0.43203125000000003 0.31171875000000004 0.1203125 0.1015625
