0 0.4546875 0.26328125 0.065625 0.1265625
0 0.44921875 0.353125 0.0390625 0.040625
0 0.36250000000000004 0.415625 0.1125 0.07500000000000001
0 0.28203125 0.45546875000000003 0.0484375 0.0578125
0 0.265625 0.40234375 0.040625 0.045312500000000006
0 0.21171875 0.46875 0.0421875 0.043750000000000004
0 0.16640625 0.49062500000000003 0.0484375 0.059375000000000004
0 0.11171875 0.51484375 0.051562500000000004 0.0390625
0 0.46953125 0.79453125 0.11093750000000001 0.2421875
0 0.6390625000000001 0.59609375 0.0625 0.1078125
0 0.7328125000000001 0.7000000000000001 0.03125 0.03125
0 0.675 0.5078125 0.043750000000000004 0.028125
0 0.6546875000000001 0.47968750000000004 0.028125 0.025
0 0.6375000000000001 0.36328125 0.26875 0.1046875
0 0.7109375 0.23125 0.2625 0.15937500000000002
