0 0.5 0.72578125 0.0625 0.11093750000000001
0 0.48984375 0.65 0.035937500000000004 0.037500000000000006
0 0.41250000000000003 0.6023437500000001 0.1 0.0703125
0 0.34140625 0.57421875 0.045312500000000006 0.051562500000000004
0 0.33125000000000004 0.6203125 0.037500000000000006 0.040625
0 0.28125 0.56796875 0.037500000000000006 0.0390625
0 0.24140625000000002 0.553125 0.045312500000000006 0.053125000000000006
0 0.19375 0.53515625 0.046875 0.035937500000000004
0 0.478125 0.27578125000000003 0.109375 0.2109375
0 0.6335937500000001 0.43203125000000003 0.060937500000000006 0.09531250000000001
0 0.70625 0.33906250000000004 0.028125 0.028125
0 0.66953125 0.50390625 0.0390625 0.026562500000000003
0 0.6546875000000001 0.5296875 0.025 0.021875000000000002
0 0.64765625 0.62890625 0.2328125 0.1046875
0 0.71796875 0.7351562500000001 0.2328125 0.15156250000000002
