0 0.70234375 0.44453125000000004 0.0765625 0.0890625
0 0.56953125 0.44296875 0.06406250000000001 0.0734375
0 0.78046875 0.63828125 0.051562500000000004 0.0421875
0 0.6492187500000001 0.7625000000000001 0.1015625 0.109375
0 0.67734375 0.87890625 0.035937500000000004 0.035937500000000004
0 0.72578125 0.85546875 0.0328125 0.029687500000000002
0 0.7523437500000001 0.978125 0.029687500000000002 0.043750000000000004
0 0.57421875 0.8765625 0.0328125 0.065625
0 0.34921875 0.721875 0.1953125 0.28750000000000003
0 0.24921875000000002 0.6062500000000001 0.0328125 0.037500000000000006
0 0.2546875 0.3484375 0.39375000000000004 0.31875000000000003
