0 0.8359375 0.5632812500000001 0.043750000000000004 0.045312500000000006
0 0.7898437500000001 0.5734375 0.045312500000000006 0.053125000000000006
0 0.7507812500000001 0.5867187500000001 0.0390625 0.0421875
0 0.6890625 0.58515625 0.046875 0.051562500000000004
0 0.7015625000000001 0.634375 0.040625 0.046875
0 0.6234375000000001 0.60859375 0.10312500000000001 0.0765625
0 0.5875 0.29140625000000003 0.115625 0.2078125
0 0.4234375 0.42734375 0.06875 0.0859375
0 0.36484375 0.33125000000000004 0.026562500000000003 0.028125
0 0.325 0.66328125 0.225 0.3296875
