0 0.56875 0.8609375 0.034375 0.034375
0 0.61875 0.88203125 0.034375 0.035937500000000004
0 0.6078125000000001 0.78671875 0.07187500000000001 0.0546875
0 0.65234375 0.7671875 0.1046875 0.10312500000000001
0 0.8296875 0.58984375 0.034375 0.0390625
0 0.92734375 0.6875 0.0484375 0.05
0 0.7914062500000001 0.6359375 0.026562500000000003 0.034375
0 0.88828125 0.49609375 0.060937500000000006 0.06406250000000001
0 0.90546875 0.44140625 0.0421875 0.0578125
0 0.63828125 0.36250000000000004 0.07968750000000001 0.0625
0 0.634375 0.31328125 0.065625 0.0578125
0 0.55703125 0.2890625 0.0578125 0.046875
0 0.5476562500000001 0.3296875 0.0390625 0.037500000000000006
0 0.5703125 0.23359375000000002 0.08125 0.0671875
0 0.3921875 0.3796875 0.043750000000000004 0.040625
0 0.49062500000000003 0.40390625 0.040625 0.0390625
0 0.45234375000000004 0.38515625000000003 0.035937500000000004 0.035937500000000004
0 0.47890625000000003 0.51796875 0.0671875 0.051562500000000004
0 0.41796875 0.45156250000000003 0.1328125 0.08750000000000001
