0 0.7328125000000001 0.2578125 0.046875 0.043750000000000004
0 0.665625 0.20390625 0.05 0.0484375
0 0.5867187500000001 0.29140625000000003 0.16718750000000002 0.16718750000000002
0 0.42031250000000003 0.525 0.05625 0.05625
0 0.28359375000000003 0.4734375 0.0765625 0.07187500000000001
0 0.15859375 0.521875 0.09843750000000001 0.084375
0 0.18515625000000002 0.43046875 0.0421875 0.0421875
0 0.7015625000000001 0.640625 0.25 0.28125
0 0.60078125 0.6976562500000001 0.0390625 0.035937500000000004
0 0.56640625 0.62265625 0.035937500000000004 0.0390625
