0 0.22421875000000002 0.46796875000000004 0.0859375 0.1421875
0 0.1953125 0.340625 0.05 0.096875
0 0.37734375000000003 0.3046875 0.051562500000000004 0.0625
0 0.40859375000000003 0.26484375 0.0734375 0.0484375
0 0.44140625 0.18046875 0.026562500000000003 0.0328125
0 0.3875 0.16484375 0.034375 0.0328125
0 0.56171875 0.5234375 0.0671875 0.05
0 0.6375000000000001 0.58984375 0.134375 0.0765625
0 0.56875 0.6421875 0.037500000000000006 0.037500000000000006
0 0.67734375 0.65390625 0.045312500000000006 0.0328125
0 0.60703125 0.65546875 0.035937500000000004 0.0328125
0 0.521875 0.721875 0.037500000000000006 0.034375
0 0.51171875 0.76328125 0.0484375 0.0484375
0 0.51953125 0.81015625 0.035937500000000004 0.0328125
0 0.3453125 0.59296875 0.03125 0.029687500000000002
0 0.434375 0.6984375 0.08750000000000001 0.059375000000000004
0 0.4296875 0.7453125 0.065625 0.059375000000000004
