0 0.59765625 0.7039062500000001 0.1203125 0.1859375
0 0.55078125 0.7468750000000001 0.060937500000000006 0.078125
0 0.47265625 0.6859375000000001 0.1265625 0.109375
0 0.515625 0.84375 0.078125 0.07187500000000001
0 0.43984375000000003 0.84765625 0.07968750000000001 0.0921875
0 0.40937500000000004 0.79296875 0.028125 0.026562500000000003
0 0.40468750000000003 0.8210937500000001 0.028125 0.026562500000000003
0 0.375 0.7585937500000001 0.053125000000000006 0.045312500000000006
0 0.371875 0.7000000000000001 0.07187500000000001 0.084375
0 0.534375 0.5632812500000001 0.03125 0.035937500000000004
0 0.43671875000000004 0.53671875 0.0421875 0.0328125
0 0.6578125 0.45390625 0.040625 0.0421875
0 0.48984375 0.353125 0.06406250000000001 0.0625
