0 0.31562500000000004 0.46953125 0.037500000000000006 0.035937500000000004
0 0.4734375 0.290625 0.059375000000000004 0.05625
0 0.17265625 0.640625 0.11406250000000001 0.084375
0 0.22031250000000002 0.53515625 0.07187500000000001 0.1296875
0 0.259375 0.73828125 0.040625 0.06406250000000001
0 0.23046875 0.7914062500000001 0.0546875 0.0765625
0 0.12265625000000001 0.7609375 0.1015625 0.15937500000000002
0 0.48750000000000004 0.7390625000000001 0.05625 0.209375
0 0.54453125 0.7523437500000001 0.029687500000000002 0.0328125
0 0.55 0.78046875 0.05625 0.0703125
0 0.6351562500000001 0.875 0.0703125 0.05625
0 0.728125 0.8453125 0.08125 0.10312500000000001
0 0.73984375 0.77109375 0.035937500000000004 0.026562500000000003
0 0.6257812500000001 0.6726562500000001 0.1328125 0.09843750000000001
0 0.7562500000000001 0.671875 0.06875 0.13125
0 0.50546875 0.5515625000000001 0.035937500000000004 0.034375
0 0.60703125 0.48281250000000003 0.045312500000000006 0.028125
