0 0.2890625 0.78515625 0.22812500000000002 0.2734375
0 0.5437500000000001 0.93359375 0.059375000000000004 0.045312500000000006
0 0.51875 0.77890625 0.053125000000000006 0.0484375
0 0.5046875000000001 0.7296875 0.08125 0.053125000000000006
0 0.42109375000000004 0.6609375000000001 0.1234375 0.125
0 0.49296875 0.64375 0.0390625 0.043750000000000004
0 0.609375 0.6875 0.203125 0.12187500000000001
0 0.62265625 0.8953125000000001 0.0328125 0.043750000000000004
0 0.565625 0.87265625 0.025 0.026562500000000003
0 0.6257812500000001 0.83203125 0.0546875 0.0390625
0 0.67734375 0.5109375 0.0734375 0.065625
0 0.6984375 0.30703125000000003 0.21875 0.2171875
0 0.465625 0.3875 0.040625 0.034375
0 0.46718750000000003 0.25703125 0.065625 0.051562500000000004
0 0.56640625 0.28203125 0.035937500000000004 0.029687500000000002
0 0.35546875 0.3203125 0.0859375 0.153125
