3 0.36328125 0.65234375 0.1046875 0.11093750000000001
3 0.29453125 0.5890625 0.1203125 0.12187500000000001
3 0.37890625 0.27578125000000003 0.06406250000000001 0.0671875
3 0.3328125 0.2890625 0.034375 0.043750000000000004
3 0.51171875 0.446875 0.060937500000000006 0.059375000000000004
3 0.46796875000000004 0.33671875 0.06406250000000001 0.06406250000000001
3 0.44453125000000004 0.2 0.09843750000000001 0.10312500000000001
3 0.55390625 0.38046875 0.1015625 0.09531250000000001
3 0.64765625 0.4375 0.051562500000000004 0.043750000000000004
3 0.51328125 0.5046875000000001 0.06406250000000001 0.05625
3 0.4421875 0.56484375 0.08750000000000001 0.0734375
3 0.30703125000000003 0.69296875 0.0390625 0.0421875
3 0.33046875000000003 0.53359375 0.0390625 0.0390625
