0 0.7273437500000001 0.80078125 0.08281250000000001 0.0921875
0 0.6296875000000001 0.74609375 0.05 0.045312500000000006
0 0.5359375000000001 0.51328125 0.115625 0.07968750000000001
0 0.55703125 0.6078125000000001 0.026562500000000003 0.021875000000000002
0 0.60859375 0.5437500000000001 0.0328125 0.03125
0 0.721875 0.44140625 0.22187500000000002 0.2109375
0 0.728125 0.11406250000000001 0.043750000000000004 0.028125
0 0.6843750000000001 0.12734375 0.043750000000000004 0.035937500000000004
0 0.5578125 0.275 0.078125 0.12812500000000002
0 0.28203125 0.31484375000000003 0.26406250000000003 0.1953125
