0 0.5906250000000001 0.43515625 0.05 0.060937500000000006
0 0.44843750000000004 0.34921875 0.043750000000000004 0.029687500000000002
0 0.48828125 0.2578125 0.029687500000000002 0.034375
0 0.46406250000000004 0.30781250000000004 0.025 0.034375
0 0.35078125000000004 0.37343750000000003 0.1015625 0.134375
0 0.36875 0.78828125 0.153125 0.2421875
0 0.6351562500000001 0.56796875 0.029687500000000002 0.0421875
0 0.48515625 0.64375 0.0328125 0.05625
0 0.6585937500000001 0.61640625 0.0234375 0.026562500000000003
0 0.68359375 0.6843750000000001 0.029687500000000002 0.05
0 0.57734375 0.56171875 0.0171875 0.0234375
0 0.5398437500000001 0.5867187500000001 0.0171875 0.0140625
