0 0.6414062500000001 0.30625 0.11406250000000001 0.1375
0 0.69296875 0.55 0.026562500000000003 0.028125
0 0.6140625000000001 0.66953125 0.043750000000000004 0.0734375
0 0.6109375 0.74609375 0.03125 0.0390625
0 0.81640625 0.7015625000000001 0.08281250000000001 0.0625
0 0.44921875 0.8328125000000001 0.060937500000000006 0.084375
0 0.47890625000000003 0.7453125 0.0328125 0.037500000000000006
0 0.37343750000000003 0.8203125 0.043750000000000004 0.040625
0 0.38828125 0.7109375 0.1171875 0.15000000000000002
0 0.42734375 0.603125 0.051562500000000004 0.0625
0 0.31875000000000003 0.5945312500000001 0.09375 0.060937500000000006
0 0.4078125 0.35781250000000003 0.03125 0.037500000000000006
0 0.48750000000000004 0.37421875000000004 0.07500000000000001 0.09843750000000001
0 0.3875 0.28515625 0.05 0.06406250000000001
0 0.32890625 0.209375 0.0484375 0.059375000000000004
0 0.178125 0.19609375 0.259375 0.2421875
0 0.446875 0.30000000000000004 0.028125 0.028125
0 0.390625 0.21250000000000002 0.034375 0.037500000000000006
