0 0.37031250000000004 0.69140625 0.109375 0.1046875
0 0.4375 0.5484375 0.140625 0.1375
0 0.60078125 0.53671875 0.0390625 0.0328125
0 0.52890625 0.72578125 0.06406250000000001 0.0484375
0 0.53046875 0.34687500000000004 0.08281250000000001 0.10625000000000001
0 0.35781250000000003 0.5265625 0.053125000000000006 0.08125
0 0.29765625 0.54140625 0.045312500000000006 0.045312500000000006
0 0.31328125 0.5765625 0.0390625 0.040625
0 0.34218750000000003 0.5906250000000001 0.03125 0.025
0 0.3015625 0.6429687500000001 0.03125 0.026562500000000003
