0 0.6375000000000001 0.496875 0.134375 0.109375
0 0.5476562500000001 0.50234375 0.051562500000000004 0.045312500000000006
0 0.5765625 0.39921875 0.03125 0.035937500000000004
0 0.5593750000000001 0.30625 0.065625 0.065625
0 0.53515625 0.25546875 0.0390625 0.0484375
0 0.7312500000000001 0.29765625 0.043750000000000004 0.0421875
0 0.7015625000000001 0.40625 0.053125000000000006 0.053125000000000006
0 0.64609375 0.3171875 0.026562500000000003 0.028125
0 0.2828125 0.32734375000000004 0.028125 0.029687500000000002
0 0.23671875 0.34453125 0.0390625 0.0390625
0 0.3046875 0.403125 0.065625 0.05625
0 0.30859375 0.4453125 0.0578125 0.059375000000000004
0 0.28671875 0.6492187500000001 0.0859375 0.1203125
0 0.19609375 0.5710937500000001 0.0546875 0.0765625
0 0.43671875000000004 0.66796875 0.0390625 0.0390625
0 0.578125 0.73046875 0.053125000000000006 0.051562500000000004
0 0.5515625000000001 0.6960937500000001 0.07500000000000001 0.06406250000000001
0 0.61640625 0.58203125 0.035937500000000004 0.035937500000000004
0 0.62265625 0.6664062500000001 0.0390625 0.035937500000000004
0 0.63984375 0.696875 0.051562500000000004 0.046875
0 0.6703125000000001 0.74375 0.0625 0.0625
0 0.696875 0.53359375 0.043750000000000004 0.0421875
0 0.65234375 0.56875 0.029687500000000002 0.025
