3 0.6273437500000001 0.6937500000000001 0.07968750000000001 0.09062500000000001
3 0.7109375 0.6585937500000001 0.09375 0.09843750000000001
3 0.7351562500000001 0.34296875000000004 0.0484375 0.0546875
3 0.7734375 0.36875 0.025 0.037500000000000006
3 0.5578125 0.45546875000000003 0.05 0.045312500000000006
3 0.634375 0.36875 0.05 0.05
3 0.69921875 0.25078125 0.0765625 0.08281250000000001
3 0.540625 0.38203125000000004 0.084375 0.0734375
3 0.43515625 0.40468750000000003 0.045312500000000006 0.03125
3 0.53671875 0.509375 0.0546875 0.040625
3 0.58359375 0.5875 0.0765625 0.05
3 0.6664062500000001 0.75 0.029687500000000002 0.034375
3 0.6960937500000001 0.5953125 0.0328125 0.028125
