0 0.48359375000000004 0.77109375 0.1078125 0.11406250000000001
0 0.3875 0.7953125000000001 0.09062500000000001 0.07187500000000001
0 0.3140625 0.796875 0.043750000000000004 0.046875
0 0.29609375 0.6937500000000001 0.11406250000000001 0.1125
0 0.38906250000000003 0.56796875 0.23125 0.22031250000000002
0 0.5632812500000001 0.69921875 0.0578125 0.0734375
0 0.47187500000000004 0.35546875 0.040625 0.0421875
0 0.45859375 0.20703125 0.045312500000000006 0.0421875
0 0.34609375000000003 0.34453125 0.0734375 0.07968750000000001
0 0.3671875 0.4 0.05625 0.059375000000000004
0 0.3296875 0.22734375 0.10312500000000001 0.0921875
0 0.56015625 0.34765625 0.1046875 0.0890625
