0 0.6781250000000001 0.36640625000000004 0.11875000000000001 0.13593750000000002
0 0.66171875 0.5875 0.026562500000000003 0.028125
0 0.56484375 0.671875 0.0484375 0.06875
0 0.54296875 0.7359375 0.0328125 0.040625
0 0.73046875 0.74921875 0.07968750000000001 0.0671875
0 0.3828125 0.77109375 0.065625 0.08281250000000001
0 0.43046875 0.7039062500000001 0.0328125 0.035937500000000004
0 0.321875 0.74140625 0.043750000000000004 0.0421875
0 0.3609375 0.6507812500000001 0.125 0.1484375
0 0.42109375000000004 0.56875 0.0546875 0.0625
0 0.3296875 0.534375 0.09062500000000001 0.065625
0 0.46484375 0.353125 0.0328125 0.037500000000000006
0 0.52890625 0.38671875 0.07968750000000001 0.09531250000000001
0 0.465625 0.2859375 0.053125000000000006 0.0625
0 0.43281250000000004 0.20546875 0.05 0.0578125
0 0.30703125000000003 0.15703125 0.2609375 0.2484375
0 0.5125000000000001 0.3125 0.028125 0.028125
0 0.4859375 0.225 0.034375 0.037500000000000006
