3 0.5085937500000001 0.68125 0.1015625 0.1
3 0.35000000000000003 0.72578125 0.096875 0.1015625
3 0.3046875 0.6375000000000001 0.084375 0.07500000000000001
3 0.40546875000000004 0.6671875 0.0328125 0.037500000000000006
3 0.7289062500000001 0.69921875 0.16718750000000002 0.1390625
3 0.7757812500000001 0.50390625 0.08281250000000001 0.08281250000000001
3 0.6843750000000001 0.48281250000000003 0.125 0.10625000000000001
3 0.62421875 0.38125000000000003 0.060937500000000006 0.0625
3 0.44296875 0.31171875000000004 0.2703125 0.2265625
3 0.42109375000000004 0.53671875 0.13593750000000002 0.1234375
3 0.38828125 0.384375 0.22968750000000002 0.203125
3 0.26796875000000003 0.47968750000000004 0.2921875 0.26875
