0 0.14140625 0.6101562500000001 0.1921875 0.2015625
0 0.17890625000000002 0.48984375 0.051562500000000004 0.060937500000000006
0 0.275 0.47734375 0.078125 0.0671875
0 0.34218750000000003 0.50546875 0.043750000000000004 0.0390625
0 0.215625 0.4375 0.040625 0.040625
0 0.35546875 0.29375 0.029687500000000002 0.028125
0 0.39453125 0.3953125 0.2109375 0.21250000000000002
0 0.546875 0.28671875 0.13125 0.1390625
0 0.25078125 0.34140625 0.0328125 0.035937500000000004
0 0.36796875 0.6585937500000001 0.09531250000000001 0.08281250000000001
0 0.46484375 0.6257812500000001 0.0671875 0.0703125
0 0.68515625 0.48515625 0.0328125 0.035937500000000004
0 0.6578125 0.6218750000000001 0.0625 0.07500000000000001
0 0.68125 0.68515625 0.043750000000000004 0.051562500000000004
0 0.8453125 0.57578125 0.09375 0.08281250000000001
0 0.5632812500000001 0.828125 0.08281250000000001 0.08750000000000001
0 0.5632812500000001 0.734375 0.035937500000000004 0.040625
0 0.4703125 0.7390625000000001 0.153125 0.16875
0 0.49531250000000004 0.8390625 0.05 0.05
0 0.26328125 0.6796875 0.0421875 0.034375
