0 0.34765625 0.6734375 0.1171875 0.1125
0 0.43359375 0.5375 0.1484375 0.146875
0 0.6000000000000001 0.54609375 0.040625 0.035937500000000004
0 0.503125 0.728125 0.065625 0.053125000000000006
0 0.553125 0.34687500000000004 0.09375 0.109375
0 0.35625 0.50546875 0.0625 0.07968750000000001
0 0.29375 0.5125000000000001 0.046875 0.046875
0 0.30390625000000004 0.55 0.0421875 0.043750000000000004
0 0.33203125 0.56796875 0.029687500000000002 0.026562500000000003
0 0.28515625 0.61640625 0.0328125 0.029687500000000002
