0 0.42890625000000004 0.1859375 0.0328125 0.03125
0 0.375 0.171875 0.03125 0.034375
0 0.39921875 0.26640625 0.0703125 0.0484375
0 0.35781250000000003 0.2921875 0.1 0.096875
0 0.20234375000000002 0.49843750000000003 0.029687500000000002 0.037500000000000006
0 0.09062500000000001 0.41171875 0.043750000000000004 0.0484375
0 0.234375 0.4453125 0.021875000000000002 0.034375
0 0.15625 0.60078125 0.05625 0.060937500000000006
0 0.146875 0.6578125 0.037500000000000006 0.05625
0 0.42812500000000003 0.7015625000000001 0.078125 0.05625
0 0.4390625 0.7507812500000001 0.0625 0.051562500000000004
0 0.5203125000000001 0.7640625000000001 0.05625 0.043750000000000004
0 0.5242187500000001 0.7210937500000001 0.035937500000000004 0.035937500000000004
0 0.51484375 0.8210937500000001 0.07968750000000001 0.060937500000000006
0 0.675 0.65 0.040625 0.037500000000000006
0 0.5710937500000001 0.63828125 0.0390625 0.035937500000000004
0 0.61328125 0.65234375 0.0328125 0.0328125
0 0.5671875000000001 0.52109375 0.065625 0.045312500000000006
0 0.6390625000000001 0.5796875 0.13125 0.07500000000000001
