0 0.43593750000000003 0.76875 0.10312500000000001 0.109375
0 0.3328125 0.775 0.09062500000000001 0.065625
0 0.2578125 0.7625000000000001 0.040625 0.046875
0 0.259375 0.65390625 0.109375 0.1078125
0 0.37812500000000004 0.5437500000000001 0.22187500000000002 0.209375
0 0.53046875 0.7109375 0.051562500000000004 0.07500000000000001
0 0.503125 0.34218750000000003 0.037500000000000006 0.040625
0 0.5171875 0.18906250000000002 0.043750000000000004 0.040625
0 0.3765625 0.30781250000000004 0.06875 0.07500000000000001
0 0.3875 0.36796875 0.053125000000000006 0.0578125
0 0.38203125000000004 0.1859375 0.1015625 0.084375
0 0.59375 0.3515625 0.10312500000000001 0.08125
