0 0.734375 0.43593750000000003 0.13125 0.07187500000000001
0 0.71015625 0.33515625000000004 0.1640625 0.1203125
0 0.875 0.296875 0.125 0.12187500000000001
0 0.7765625 0.1625 0.215625 0.178125
0 0.67734375 0.58359375 0.051562500000000004 0.045312500000000006
0 0.60546875 0.5046875000000001 0.026562500000000003 0.025
0 0.5953125 0.565625 0.05 0.059375000000000004
0 0.6335937500000001 0.6984375 0.13593750000000002 0.184375
0 0.6468750000000001 0.85078125 0.040625 0.051562500000000004
0 0.5867187500000001 0.84140625 0.0703125 0.1078125
0 0.37578125 0.59609375 0.1421875 0.1296875
0 0.43515625 0.46796875000000004 0.0546875 0.0546875
0 0.34296875000000004 0.35078125000000004 0.06406250000000001 0.0546875
0 0.28750000000000003 0.25625000000000003 0.037500000000000006 0.034375
0 0.2078125 0.31953125000000004 0.08750000000000001 0.0671875
