0 0.5625 0.7109375 0.10312500000000001 0.07187500000000001
0 0.525 0.625 0.059375000000000004 0.03125
0 0.296875 0.6015625 0.03125 0.025
0 0.22734375 0.5281250000000001 0.0546875 0.12187500000000001
0 0.17343750000000002 0.4078125 0.034375 0.08750000000000001
0 0.34375 0.34140625 0.046875 0.0578125
0 0.36640625000000004 0.29765625 0.0671875 0.0328125
0 0.38203125000000004 0.2109375 0.026562500000000003 0.028125
0 0.32656250000000003 0.203125 0.025 0.03125
0 0.6664062500000001 0.36171875000000003 0.3046875 0.41718750000000004
0 0.31875000000000003 0.7351562500000001 0.06875 0.0890625
0 0.38046875 0.8187500000000001 0.0484375 0.034375
0 0.40234375 0.7828125 0.035937500000000004 0.028125
0 0.47578125000000004 0.73203125 0.029687500000000002 0.026562500000000003
0 0.56796875 0.7875000000000001 0.026562500000000003 0.025
0 0.3640625 0.8671875 0.03125 0.03125
0 0.50703125 0.76171875 0.026562500000000003 0.0171875
0 0.50625 0.7992187500000001 0.018750000000000003 0.0171875
