0 0.7296875 0.8078125 0.037500000000000006 0.03125
0 0.71640625 0.75546875 0.0203125 0.026562500000000003
0 0.7742187500000001 0.6859375000000001 0.0234375 0.025
0 0.7351562500000001 0.6507812500000001 0.045312500000000006 0.035937500000000004
0 0.571875 0.64765625 0.018750000000000003 0.0234375
0 0.7109375 0.690625 0.018750000000000003 0.03125
0 0.875 0.60546875 0.040625 0.029687500000000002
0 0.74609375 0.5476562500000001 0.029687500000000002 0.0234375
0 0.7640625000000001 0.45156250000000003 0.140625 0.09062500000000001
0 0.5789062500000001 0.51328125 0.060937500000000006 0.060937500000000006
0 0.6882812500000001 0.846875 0.026562500000000003 0.028125
0 0.7601562500000001 0.85078125 0.0421875 0.026562500000000003
0 0.353125 0.62109375 0.028125 0.035937500000000004
0 0.51953125 0.24921875000000002 0.1078125 0.08281250000000001
0 0.28984375 0.25546875 0.13593750000000002 0.0859375
0 0.19296875000000002 0.29453125 0.0734375 0.0703125
