0 0.640625 0.6843750000000001 0.059375000000000004 0.09062500000000001
0 0.55625 0.88828125 0.03125 0.035937500000000004
0 0.74140625 0.5953125 0.1546875 0.115625
0 0.915625 0.71640625 0.096875 0.0921875
0 0.884375 0.6375000000000001 0.07187500000000001 0.0625
0 0.909375 0.55 0.065625 0.07187500000000001
0 0.8757812500000001 0.49531250000000004 0.0765625 0.034375
0 0.7578125 0.46796875000000004 0.11875000000000001 0.0734375
0 0.90546875 0.40390625 0.0328125 0.029687500000000002
0 0.8203125 0.41015625 0.018750000000000003 0.026562500000000003
0 0.7671875 0.36953125000000003 0.021875000000000002 0.035937500000000004
0 0.58515625 0.28515625 0.1390625 0.18281250000000002
0 0.6843750000000001 0.28203125 0.065625 0.11093750000000001
0 0.5828125000000001 0.16953125000000002 0.034375 0.0421875
0 0.690625 0.19453125000000002 0.021875000000000002 0.0171875
0 0.63671875 0.09062500000000001 0.0671875 0.037500000000000006
