0 0.40625 0.2828125 0.12812500000000002 0.115625
0 0.21406250000000002 0.38125000000000003 0.146875 0.125
0 0.1421875 0.45625000000000004 0.08750000000000001 0.08750000000000001
0 0.69921875 0.36484375 0.1484375 0.1265625
0 0.5593750000000001 0.5125000000000001 0.10625000000000001 0.10625000000000001
0 0.6125 0.6101562500000001 0.037500000000000006 0.0328125
0 0.6976562500000001 0.6882812500000001 0.1234375 0.1390625
0 0.759375 0.546875 0.0625 0.0625
0 0.8601562500000001 0.45625000000000004 0.0390625 0.037500000000000006
0 0.78515625 0.6585937500000001 0.035937500000000004 0.035937500000000004
0 0.8187500000000001 0.6921875000000001 0.043750000000000004 0.043750000000000004
0 0.8093750000000001 0.56796875 0.034375 0.0390625
0 0.79296875 0.7406250000000001 0.026562500000000003 0.025
0 0.859375 0.71484375 0.03125 0.029687500000000002
0 0.7265625 0.453125 0.028125 0.028125
