3 0.50625 0.69296875 0.109375 0.1078125
3 0.33671875 0.73984375 0.1046875 0.11093750000000001
3 0.28750000000000003 0.64453125 0.09062500000000001 0.07968750000000001
3 0.39609375 0.6765625000000001 0.035937500000000004 0.040625
3 0.7429687500000001 0.7125 0.1796875 0.15000000000000002
3 0.79453125 0.50390625 0.0890625 0.0890625
3 0.696875 0.48046875 0.134375 0.11406250000000001
3 0.6328125 0.37109375 0.065625 0.0671875
3 0.43828125 0.29609375 0.2890625 0.2421875
3 0.41328125000000004 0.53671875 0.1453125 0.1328125
3 0.37890625 0.37421875000000004 0.2484375 0.2171875
3 0.25 0.47578125000000004 0.3125 0.2890625
