0 0.50234375 0.6351562500000001 0.0734375 0.07968750000000001
0 0.6742187500000001 0.64609375 0.0546875 0.0484375
0 0.68125 0.74765625 0.043750000000000004 0.045312500000000006
0 0.67890625 0.6898437500000001 0.0390625 0.0421875
0 0.7507812500000001 0.5765625 0.1546875 0.16875
0 0.53515625 0.20625000000000002 0.2515625 0.290625
0 0.3984375 0.53515625 0.046875 0.051562500000000004
0 0.49843750000000003 0.39375000000000004 0.05625 0.065625
0 0.35390625000000003 0.5007812500000001 0.0328125 0.035937500000000004
0 0.2984375 0.45156250000000003 0.05 0.059375000000000004
0 0.45390625 0.51328125 0.026562500000000003 0.029687500000000002
0 0.4765625 0.47265625 0.021875000000000002 0.0203125
