0 0.390625 0.58203125 0.046875 0.0890625
0 0.4890625 0.58984375 0.046875 0.0390625
0 0.48281250000000003 0.51875 0.028125 0.025
0 0.44921875 0.478125 0.035937500000000004 0.043750000000000004
0 0.6359375 0.5328125 0.021875000000000002 0.03125
0 0.55625 0.52734375 0.025 0.029687500000000002
0 0.5796875 0.4140625 0.034375 0.040625
0 0.64453125 0.40234375 0.035937500000000004 0.0484375
0 0.7406250000000001 0.38906250000000003 0.08125 0.07187500000000001
0 0.48671875000000003 0.32109375 0.029687500000000002 0.0328125
0 0.5265625 0.34375 0.053125000000000006 0.043750000000000004
0 0.5890625 0.33125000000000004 0.059375000000000004 0.07187500000000001
0 0.7015625000000001 0.6218750000000001 0.034375 0.03125
0 0.1953125 0.45546875000000003 0.078125 0.060937500000000006
0 0.72265625 0.52890625 0.0234375 0.029687500000000002
