0 0.59609375 0.6179687500000001 0.060937500000000006 0.0859375
0 0.51015625 0.6015625 0.0484375 0.043750000000000004
0 0.5320312500000001 0.5421875 0.029687500000000002 0.028125
0 0.5703125 0.5164062500000001 0.040625 0.045312500000000006
0 0.4 0.51796875 0.025 0.0328125
0 0.46875 0.5328125 0.028125 0.03125
0 0.47578125000000004 0.43125 0.0390625 0.043750000000000004
0 0.42421875000000003 0.40625 0.0421875 0.05
0 0.34609375000000003 0.37109375 0.0859375 0.07968750000000001
0 0.57578125 0.375 0.0328125 0.034375
0 0.5375 0.384375 0.05625 0.05
0 0.48828125 0.359375 0.0671875 0.07500000000000001
0 0.32343750000000004 0.578125 0.037500000000000006 0.034375
0 0.790625 0.55703125 0.08125 0.0703125
0 0.32734375000000004 0.49375 0.026562500000000003 0.03125
