0 0.8078125 0.44296875 0.09375 0.1421875
0 0.8250000000000001 0.3171875 0.05625 0.09375
0 0.64453125 0.2984375 0.0546875 0.0625
0 0.6109375 0.2625 0.07187500000000001 0.053125000000000006
0 0.571875 0.18359375 0.028125 0.0328125
0 0.6218750000000001 0.16328125000000002 0.034375 0.0328125
0 0.484375 0.5265625 0.065625 0.053125000000000006
0 0.41796875 0.59765625 0.1328125 0.0859375
0 0.48828125 0.6429687500000001 0.0390625 0.0390625
0 0.384375 0.66328125 0.046875 0.035937500000000004
0 0.45234375000000004 0.659375 0.035937500000000004 0.034375
0 0.540625 0.7156250000000001 0.040625 0.037500000000000006
0 0.5546875 0.75546875 0.05 0.0484375
0 0.5515625000000001 0.8015625000000001 0.037500000000000006 0.034375
0 0.70078125 0.57578125 0.0328125 0.029687500000000002
0 0.6234375000000001 0.6859375000000001 0.08750000000000001 0.0625
0 0.6328125 0.7312500000000001 0.065625 0.0625
