0 0.6179687500000001 0.6125 0.0546875 0.06875
0 0.759375 0.55 0.30312500000000003 0.328125
0 0.6875 0.415625 0.10312500000000001 0.07500000000000001
0 0.60546875 0.39765625000000004 0.0421875 0.0421875
0 0.6257812500000001 0.36171875000000003 0.026562500000000003 0.026562500000000003
0 0.67578125 0.33359375 0.0421875 0.045312500000000006
0 0.47109375000000003 0.41250000000000003 0.029687500000000002 0.028125
0 0.48359375000000004 0.3765625 0.0484375 0.05625
0 0.521875 0.321875 0.037500000000000006 0.037500000000000006
0 0.45390625 0.33671875 0.0671875 0.0578125
0 0.49296875 0.27187500000000003 0.051562500000000004 0.05
0 0.45390625 0.20390625 0.08281250000000001 0.0859375
0 0.60859375 0.30390625000000004 0.0328125 0.0328125
0 0.59609375 0.23984375000000002 0.026562500000000003 0.0234375
0 0.56640625 0.17734375000000002 0.029687500000000002 0.029687500000000002
