0 0.5296875 0.496875 0.0625 0.043750000000000004
0 0.50390625 0.553125 0.029687500000000002 0.025
0 0.51328125 0.61640625 0.0921875 0.06406250000000001
0 0.47578125000000004 0.7273437500000001 0.026562500000000003 0.029687500000000002
0 0.6000000000000001 0.61484375 0.03125 0.0328125
0 0.7625000000000001 0.3921875 0.043750000000000004 0.053125000000000006
0 0.31328125 0.50546875 0.3515625 0.2828125
0 0.5828125000000001 0.3328125 0.05625 0.053125000000000006
0 0.66796875 0.29921875000000003 0.0734375 0.0734375
0 0.4921875 0.22578125000000002 0.028125 0.0328125
0 0.58125 0.23046875 0.11875000000000001 0.1546875
0 0.5 0.14296875 0.059375000000000004 0.0671875
0 0.55859375 0.1375 0.045312500000000006 0.028125
