0 0.17500000000000002 0.47265625 0.046875 0.045312500000000006
0 0.21953125 0.49843750000000003 0.051562500000000004 0.053125000000000006
0 0.2578125 0.525 0.040625 0.046875
0 0.325 0.54296875 0.05625 0.051562500000000004
0 0.38984375000000004 0.58203125 0.11093750000000001 0.07968750000000001
0 0.3015625 0.59140625 0.046875 0.0421875
0 0.46406250000000004 0.6515625 0.037500000000000006 0.037500000000000006
0 0.45156250000000003 0.7273437500000001 0.059375000000000004 0.1234375
0 0.3328125 0.44296875 0.08750000000000001 0.0578125
0 0.43125 0.44453125000000004 0.0625 0.06406250000000001
0 0.40390625 0.3375 0.1203125 0.146875
0 0.49375 0.309375 0.025 0.037500000000000006
0 0.39687500000000003 0.23203125000000002 0.037500000000000006 0.045312500000000006
0 0.46328125000000003 0.22265625 0.06406250000000001 0.0734375
0 0.61640625 0.3875 0.0421875 0.07500000000000001
0 0.8125 0.36640625000000004 0.078125 0.0703125
0 0.6664062500000001 0.5398437500000001 0.0328125 0.035937500000000004
0 0.6859375000000001 0.50546875 0.025 0.026562500000000003
0 0.57734375 0.65 0.1265625 0.09375
0 0.696875 0.68125 0.078125 0.040625
0 0.696875 0.7765625 0.23125 0.17500000000000002
