0 0.36875 0.42890625000000004 0.234375 0.2765625
0 0.49062500000000003 0.43046875 0.03125 0.0328125
0 0.6140625000000001 0.52578125 0.046875 0.0484375
0 0.7312500000000001 0.5789062500000001 0.053125000000000006 0.051562500000000004
0 0.8390625 0.5437500000000001 0.078125 0.06875
0 0.80859375 0.6218750000000001 0.0421875 0.043750000000000004
0 0.39921875 0.6742187500000001 0.1234375 0.0859375
0 0.46015625000000004 0.73984375 0.1484375 0.1296875
0 0.3484375 0.83984375 0.13125 0.1234375
0 0.48125 0.89609375 0.203125 0.18281250000000002
