0 0.33359375 0.26406250000000003 0.0328125 0.028125
0 0.3453125 0.31171875000000004 0.018750000000000003 0.0234375
0 0.29375 0.375 0.021875000000000002 0.021875000000000002
0 0.32890625 0.40703125 0.0421875 0.0328125
0 0.47734375 0.40937500000000004 0.0171875 0.021875000000000002
0 0.35078125000000004 0.37031250000000004 0.0171875 0.028125
0 0.20234375000000002 0.44843750000000004 0.035937500000000004 0.028125
0 0.31953125000000004 0.5007812500000001 0.026562500000000003 0.0203125
0 0.30312500000000003 0.58828125 0.12812500000000002 0.08281250000000001
0 0.47109375000000003 0.53046875 0.0546875 0.0546875
0 0.37109375 0.22968750000000002 0.0234375 0.025
0 0.30625 0.225 0.037500000000000006 0.025
0 0.6765625000000001 0.43281250000000004 0.025 0.03125
0 0.5265625 0.7718750000000001 0.096875 0.07500000000000001
0 0.734375 0.76484375 0.125 0.07968750000000001
0 0.8226562500000001 0.7289062500000001 0.0671875 0.06406250000000001
