0 0.6195312500000001 0.6335937500000001 0.0546875 0.07968750000000001
0 0.7835937500000001 0.5789062500000001 0.32343750000000004 0.3609375
0 0.71875 0.42109375000000004 0.115625 0.0765625
0 0.62890625 0.3921875 0.0484375 0.046875
0 0.65546875 0.35390625000000003 0.029687500000000002 0.029687500000000002
0 0.71484375 0.32890625 0.045312500000000006 0.0484375
0 0.47734375 0.39453125 0.0328125 0.029687500000000002
0 0.49531250000000004 0.35625 0.05 0.0625
0 0.54453125 0.29765625 0.0390625 0.0390625
0 0.46718750000000003 0.30781250000000004 0.07500000000000001 0.059375000000000004
0 0.51796875 0.2390625 0.0578125 0.053125000000000006
0 0.48125 0.15859375 0.08750000000000001 0.09531250000000001
0 0.6429687500000001 0.28750000000000003 0.035937500000000004 0.034375
0 0.6359375 0.21484375 0.028125 0.026562500000000003
0 0.609375 0.1421875 0.03125 0.03125
