0 0.38046875 0.62890625 0.06406250000000001 0.0765625
0 0.49843750000000003 0.603125 0.053125000000000006 0.0625
0 0.26953125 0.47500000000000003 0.045312500000000006 0.034375
0 0.36015625 0.3375 0.0859375 0.09375
0 0.31015625 0.24140625000000002 0.029687500000000002 0.029687500000000002
0 0.27265625 0.27109375 0.026562500000000003 0.026562500000000003
0 0.2234375 0.16875 0.025 0.040625
0 0.40234375 0.22031250000000002 0.026562500000000003 0.059375000000000004
0 0.6328125 0.31015625 0.15937500000000002 0.2515625
0 0.74609375 0.390625 0.026562500000000003 0.03125
0 0.79609375 0.6203125 0.34218750000000003 0.265625
