0 0.55625 0.65234375 0.034375 0.07968750000000001
0 0.7468750000000001 0.6609375000000001 0.25625000000000003 0.328125
0 0.7421875 0.47265625 0.11875000000000001 0.045312500000000006
0 0.6609375000000001 0.40703125 0.040625 0.0390625
0 0.703125 0.37812500000000004 0.025 0.025
0 0.7742187500000001 0.375 0.035937500000000004 0.043750000000000004
0 0.50390625 0.35000000000000003 0.029687500000000002 0.025
0 0.5375 0.3171875 0.037500000000000006 0.059375000000000004
0 0.6109375 0.2765625 0.034375 0.034375
0 0.5265625 0.25625000000000003 0.07187500000000001 0.043750000000000004
0 0.6062500000000001 0.20546875 0.05 0.045312500000000006
0 0.6000000000000001 0.1078125 0.07187500000000001 0.084375
0 0.71640625 0.3046875 0.0328125 0.028125
0 0.7375 0.2265625 0.025 0.021875000000000002
0 0.7390625000000001 0.14140625 0.028125 0.026562500000000003
