0 0.6585937500000001 0.253125 0.026562500000000003 0.025
0 0.70625 0.25078125 0.021875000000000002 0.026562500000000003
0 0.6703125000000001 0.32656250000000003 0.05625 0.034375
0 0.7015625000000001 0.35546875 0.078125 0.0734375
0 0.7984375 0.5554687500000001 0.021875000000000002 0.029687500000000002
0 0.9070312500000001 0.5015625 0.0328125 0.037500000000000006
0 0.7796875000000001 0.50625 0.015625 0.028125
0 0.81953125 0.65 0.0421875 0.046875
0 0.81796875 0.70078125 0.026562500000000003 0.045312500000000006
0 0.571875 0.6898437500000001 0.0625 0.0390625
0 0.5546875 0.73046875 0.05 0.0390625
0 0.48359375000000004 0.7265625 0.045312500000000006 0.03125
0 0.48750000000000004 0.6898437500000001 0.028125 0.026562500000000003
0 0.47890625000000003 0.7765625 0.060937500000000006 0.043750000000000004
0 0.37265625 0.6046875 0.0328125 0.028125
0 0.46171875 0.6117187500000001 0.029687500000000002 0.026562500000000003
0 0.42421875000000003 0.6171875 0.026562500000000003 0.025
0 0.4859375 0.51328125 0.053125000000000006 0.0328125
0 0.4140625 0.5515625000000001 0.109375 0.05
