0 0.57734375 0.78671875 0.11406250000000001 0.1203125
0 0.6820312500000001 0.8078125 0.09531250000000001 0.07500000000000001
0 0.76171875 0.8054687500000001 0.045312500000000006 0.051562500000000004
0 0.7757812500000001 0.6937500000000001 0.1203125 0.11875000000000001
0 0.66796875 0.56484375 0.24531250000000002 0.2328125
0 0.4890625 0.7140625 0.059375000000000004 0.078125
0 0.56796875 0.340625 0.0421875 0.043750000000000004
0 0.57421875 0.18125000000000002 0.0484375 0.043750000000000004
0 0.70234375 0.32265625000000003 0.0765625 0.08281250000000001
0 0.6828125 0.3828125 0.059375000000000004 0.0625
0 0.7140625 0.19687500000000002 0.109375 0.096875
0 0.4734375 0.33671875 0.109375 0.0921875
