0 0.45546875000000003 0.7234375000000001 0.2703125 0.321875
0 0.5640625 0.62890625 0.037500000000000006 0.0390625
0 0.6015625 0.45 0.053125000000000006 0.05625
0 0.6664062500000001 0.3140625 0.060937500000000006 0.059375000000000004
0 0.7890625 0.26406250000000003 0.09062500000000001 0.078125
0 0.7039062500000001 0.2171875 0.0484375 0.05
0 0.296875 0.48046875 0.14375000000000002 0.09843750000000001
0 0.3015625 0.3765625 0.171875 0.146875
0 0.1265625 0.371875 0.153125 0.14375000000000002
0 0.20234375000000002 0.22109375 0.23593750000000002 0.2109375
