0 0.45156250000000003 0.70703125 0.1125 0.0765625
0 0.49531250000000004 0.6125 0.065625 0.034375
0 0.7468750000000001 0.59140625 0.034375 0.026562500000000003
0 0.8250000000000001 0.51171875 0.05625 0.1328125
0 0.88671875 0.38125000000000003 0.035937500000000004 0.096875
0 0.70078125 0.3046875 0.051562500000000004 0.0625
0 0.67734375 0.25546875 0.0734375 0.035937500000000004
0 0.66171875 0.16015625 0.029687500000000002 0.029687500000000002
0 0.72265625 0.15234375 0.026562500000000003 0.0328125
0 0.3453125 0.3203125 0.328125 0.453125
0 0.7195312500000001 0.7390625000000001 0.0734375 0.096875
0 0.65 0.8289062500000001 0.053125000000000006 0.035937500000000004
0 0.6273437500000001 0.7890625 0.0390625 0.03125
0 0.5476562500000001 0.7312500000000001 0.0328125 0.028125
0 0.44453125000000004 0.790625 0.029687500000000002 0.028125
0 0.6671875 0.8828125 0.034375 0.034375
0 0.5125000000000001 0.7640625000000001 0.028125 0.018750000000000003
0 0.51171875 0.8046875 0.0203125 0.018750000000000003
