0 0.18984375 0.3671875 0.0578125 0.059375000000000004
0 0.24453125 0.37031250000000004 0.0671875 0.06875
0 0.2921875 0.36875 0.053125000000000006 0.05625
0 0.36171875000000003 0.39140625 0.0703125 0.0671875
0 0.44062500000000004 0.39453125 0.13125 0.11406250000000001
0 0.36875 0.3359375 0.059375000000000004 0.05625
0 0.54453125 0.37578125 0.0484375 0.0484375
0 0.578125 0.30390625000000004 0.1 0.1328125
0 0.31093750000000003 0.48203125 0.1 0.0859375
0 0.3984375 0.53828125 0.08125 0.08281250000000001
0 0.3125 0.61640625 0.16562500000000002 0.1796875
0 0.375 0.6921875000000001 0.037500000000000006 0.043750000000000004
0 0.24609375 0.7046875 0.051562500000000004 0.05625
0 0.2984375 0.75 0.084375 0.09062500000000001
0 0.5265625 0.69453125 0.065625 0.08281250000000001
0 0.68671875 0.82578125 0.09531250000000001 0.0921875
0 0.6585937500000001 0.5906250000000001 0.0421875 0.043750000000000004
0 0.65546875 0.6312500000000001 0.0328125 0.034375
0 0.64375 0.44296875 0.15000000000000002 0.1328125
0 0.7664062500000001 0.484375 0.0859375 0.065625
0 0.8203125 0.40156250000000004 0.275 0.246875
