0 0.60546875 0.6515625 0.051562500000000004 0.046875
0 0.58359375 0.74140625 0.1703125 0.21406250000000002
0 0.68359375 0.8250000000000001 0.1546875 0.18125000000000002
0 0.39921875 0.5242187500000001 0.0703125 0.0703125
0 0.24765625000000002 0.7781250000000001 0.0421875 0.037500000000000006
0 0.51015625 0.40156250000000004 0.0671875 0.065625
0 0.46171875 0.2609375 0.0578125 0.053125000000000006
0 0.72578125 0.40234375 0.1203125 0.1328125
0 0.8640625000000001 0.38046875 0.05 0.0578125
0 0.846875 0.31015625 0.043750000000000004 0.0390625
