3 0.8523437500000001 0.52265625 0.1296875 0.11093750000000001
3 0.7992187500000001 0.42734375 0.0859375 0.0578125
3 0.7109375 0.6039062500000001 0.059375000000000004 0.051562500000000004
3 0.74765625 0.7015625000000001 0.1921875 0.15000000000000002
3 0.5703125 0.75390625 0.05625 0.0671875
3 0.7210937500000001 0.8343750000000001 0.0578125 0.07187500000000001
3 0.6546875000000001 0.87421875 0.05625 0.0703125
3 0.52890625 0.86640625 0.1921875 0.16718750000000002
3 0.70625 0.46796875000000004 0.040625 0.0421875
3 0.6171875 0.553125 0.046875 0.08125
3 0.5828125000000001 0.453125 0.084375 0.1125
3 0.4578125 0.56875 0.053125000000000006 0.034375
