0 0.5171875 0.59921875 0.053125000000000006 0.051562500000000004
0 0.628125 0.5609375 0.043750000000000004 0.034375
0 0.34687500000000004 0.45625000000000004 0.078125 0.043750000000000004
0 0.40234375 0.421875 0.0390625 0.043750000000000004
0 0.37343750000000003 0.35703125 0.059375000000000004 0.051562500000000004
0 0.40859375000000003 0.3203125 0.0421875 0.034375
0 0.50546875 0.5171875 0.0546875 0.059375000000000004
0 0.51875 0.6703125000000001 0.053125000000000006 0.06875
0 0.40859375000000003 0.7273437500000001 0.0484375 0.0484375
0 0.36015625 0.6507812500000001 0.045312500000000006 0.0421875
0 0.58359375 0.66171875 0.06406250000000001 0.06406250000000001
0 0.64765625 0.80078125 0.1546875 0.1296875
0 0.58515625 0.73046875 0.0765625 0.0859375
0 0.6531250000000001 0.7132812500000001 0.078125 0.06406250000000001
