0 0.275 0.2890625 0.146875 0.140625
0 0.353125 0.3140625 0.059375000000000004 0.07187500000000001
0 0.31953125000000004 0.37265625 0.0578125 0.08281250000000001
0 0.37578125 0.384375 0.0703125 0.0625
0 0.415625 0.3609375 0.040625 0.046875
0 0.4234375 0.47578125000000004 0.059375000000000004 0.0546875
0 0.35546875 0.45 0.06406250000000001 0.065625
0 0.2703125 0.540625 0.059375000000000004 0.043750000000000004
0 0.4234375 0.6781250000000001 0.078125 0.053125000000000006
0 0.49453125000000003 0.66953125 0.0421875 0.0421875
0 0.50390625 0.74375 0.051562500000000004 0.043750000000000004
0 0.5476562500000001 0.75 0.0390625 0.03125
0 0.56015625 0.5085937500000001 0.0921875 0.0765625
0 0.59609375 0.36640625000000004 0.1296875 0.1609375
0 0.5296875 0.39921875 0.065625 0.07968750000000001
0 0.51875 0.3296875 0.05 0.0625
