0 0.5945312500000001 0.8234375 0.3796875 0.353125
0 0.7742187500000001 0.7953125000000001 0.0578125 0.05
0 0.72578125 0.7406250000000001 0.029687500000000002 0.034375
0 0.6804687500000001 0.6765625000000001 0.045312500000000006 0.046875
0 0.7921875 0.7289062500000001 0.08750000000000001 0.06406250000000001
0 0.6015625 0.53515625 0.034375 0.0390625
0 0.6312500000000001 0.44062500000000004 0.096875 0.08125
0 0.44375000000000003 0.47734375 0.12812500000000002 0.1265625
0 0.30625 0.58203125 0.059375000000000004 0.0765625
0 0.50703125 0.5390625 0.029687500000000002 0.034375
0 0.47890625000000003 0.56953125 0.026562500000000003 0.029687500000000002
