3 0.6390625000000001 0.7039062500000001 0.12812500000000002 0.1265625
3 0.73046875 0.73828125 0.0734375 0.06406250000000001
3 0.7640625000000001 0.43125 0.36875 0.28125
3 0.421875 0.64375 0.11875000000000001 0.115625
3 0.37343750000000003 0.55234375 0.046875 0.045312500000000006
3 0.51875 0.4859375 0.15000000000000002 0.134375
3 0.446875 0.3828125 0.19687500000000002 0.215625
3 0.5281250000000001 0.34765625 0.078125 0.0734375
3 0.33515625000000004 0.42578125 0.1328125 0.1421875
3 0.36953125000000003 0.2546875 0.0859375 0.08750000000000001
3 0.2015625 0.2765625 0.153125 0.140625
