0 0.63984375 0.48515625 0.11093750000000001 0.1296875
0 0.503125 0.634375 0.03125 0.03125
0 0.29453125 0.6671875 0.17343750000000002 0.11875000000000001
0 0.40859375000000003 0.46796875000000004 0.0890625 0.0703125
0 0.52890625 0.3796875 0.0328125 0.037500000000000006
0 0.54140625 0.29453125 0.0421875 0.035937500000000004
0 0.525 0.22578125000000002 0.046875 0.0390625
0 0.41171875 0.20625000000000002 0.0765625 0.09062500000000001
0 0.3828125 0.28984375 0.037500000000000006 0.029687500000000002
0 0.43828125 0.41171875 0.0328125 0.035937500000000004
