0 0.19453125000000002 0.6359375 0.1484375 0.07500000000000001
0 0.17890625000000002 0.48359375000000004 0.1046875 0.051562500000000004
0 0.37890625 0.5625 0.0484375 0.025
0 0.30312500000000003 0.6140625000000001 0.059375000000000004 0.05625
0 0.31875000000000003 0.5078125 0.025 0.021875000000000002
0 0.38359375 0.42890625000000004 0.1171875 0.1421875
0 0.1921875 0.32734375000000004 0.028125 0.0328125
0 0.3875 0.89375 0.16875 0.19375
0 0.51953125 0.7140625 0.0421875 0.034375
0 0.5320312500000001 0.63984375 0.0578125 0.06406250000000001
0 0.51953125 0.5437500000000001 0.0421875 0.025
0 0.6257812500000001 0.5437500000000001 0.1015625 0.06875
