0 0.45234375000000004 0.6195312500000001 0.5203125000000001 0.5453125
0 0.659375 0.4625 0.09062500000000001 0.10312500000000001
0 0.66328125 0.36796875 0.07968750000000001 0.08281250000000001
0 0.7046875 0.3203125 0.05 0.05625
0 0.7859375000000001 0.3484375 0.096875 0.1
0 0.85078125 0.26640625 0.0484375 0.0484375
0 0.72578125 0.22578125000000002 0.0421875 0.0421875
0 0.49531250000000004 0.2703125 0.1875 0.19687500000000002
0 0.6882812500000001 0.55390625 0.1328125 0.1296875
0 0.69453125 0.6890625 0.0671875 0.07500000000000001
0 0.8484375000000001 0.55703125 0.115625 0.1015625
