0 0.53515625 0.5015625 0.045312500000000006 0.05625
0 0.7671875 0.55 0.096875 0.09062500000000001
0 0.6570312500000001 0.31640625 0.26406250000000003 0.3203125
0 0.74921875 0.35390625000000003 0.11406250000000001 0.1265625
0 0.728125 0.446875 0.03125 0.03125
0 0.66953125 0.43671875000000004 0.0546875 0.060937500000000006
0 0.47734375 0.33828125000000003 0.18281250000000002 0.1953125
0 0.5234375 0.40390625 0.040625 0.035937500000000004
0 0.32656250000000003 0.6117187500000001 0.2 0.2234375
0 0.38593750000000004 0.51171875 0.05625 0.0484375
0 0.5 0.48750000000000004 0.05 0.05
