0 0.28515625 0.50390625 0.045312500000000006 0.045312500000000006
0 0.2734375 0.4625 0.03125 0.037500000000000006
0 0.35859375000000004 0.5078125 0.0390625 0.040625
0 0.36015625 0.571875 0.060937500000000006 0.06875
0 0.43125 0.6804687500000001 0.037500000000000006 0.0421875
0 0.5484375 0.6578125 0.025 0.025
0 0.5484375 0.6921875000000001 0.025 0.028125
0 0.5 0.80625 0.046875 0.05
0 0.571875 0.7875000000000001 0.140625 0.140625
0 0.609375 0.6117187500000001 0.043750000000000004 0.0671875
0 0.64453125 0.6671875 0.0390625 0.05625
0 0.67890625 0.59921875 0.1296875 0.15781250000000002
0 0.56640625 0.5125000000000001 0.07968750000000001 0.06875
0 0.6375000000000001 0.3765625 0.028125 0.03125
