0 0.42812500000000003 0.2859375 0.05625 0.059375000000000004
0 0.44296875 0.38828125 0.0421875 0.045312500000000006
0 0.6484375 0.46640625 0.03125 0.0328125
0 0.28359375000000003 0.48515625 0.1421875 0.1296875
0 0.31640625 0.41328125000000004 0.0484375 0.06406250000000001
0 0.13593750000000002 0.43281250000000004 0.034375 0.034375
0 0.50625 0.584375 0.034375 0.034375
0 0.43984375000000003 0.6609375000000001 0.0421875 0.043750000000000004
0 0.47890625000000003 0.7445312500000001 0.035937500000000004 0.0390625
0 0.53046875 0.7937500000000001 0.0546875 0.053125000000000006
0 0.6359375 0.7585937500000001 0.096875 0.09531250000000001
0 0.61875 0.6585937500000001 0.0625 0.0671875
0 0.40546875000000004 0.62265625 0.0234375 0.026562500000000003
0 0.19765625 0.77734375 0.0703125 0.0671875
0 0.19375 0.70625 0.046875 0.053125000000000006
