0 0.59375 0.18203125 0.053125000000000006 0.0390625
0 0.54609375 0.15156250000000002 0.0421875 0.07187500000000001
0 0.31484375000000003 0.44140625 0.1328125 0.1078125
0 0.21406250000000002 0.434375 0.043750000000000004 0.053125000000000006
0 0.32343750000000004 0.603125 0.06875 0.078125
0 0.4546875 0.6765625000000001 0.12187500000000001 0.125
0 0.51953125 0.7898437500000001 0.07968750000000001 0.07968750000000001
0 0.6039062500000001 0.521875 0.0546875 0.059375000000000004
0 0.5453125 0.46953125 0.05625 0.051562500000000004
0 0.675 0.40937500000000004 0.17500000000000002 0.115625
0 0.78828125 0.35546875 0.0234375 0.035937500000000004
0 0.765625 0.31640625 0.07500000000000001 0.0546875
