3 0.5453125 0.63984375 0.05 0.0578125
3 0.6023437500000001 0.69296875 0.0390625 0.026562500000000003
3 0.7015625000000001 0.58515625 0.08125 0.0765625
3 0.6609375000000001 0.47500000000000003 0.178125 0.096875
3 0.59296875 0.40390625 0.0859375 0.0703125
3 0.453125 0.44765625000000003 0.1125 0.0703125
3 0.29609375 0.359375 0.0546875 0.046875
3 0.21640625000000002 0.45859375 0.029687500000000002 0.051562500000000004
3 0.38046875 0.5945312500000001 0.16718750000000002 0.1703125
3 0.48359375000000004 0.3765625 0.06406250000000001 0.059375000000000004
3 0.4765625 0.2234375 0.1875 0.20625000000000002
