0 0.28828125 0.32656250000000003 0.1484375 0.10312500000000001
0 0.23671875 0.45703125 0.1046875 0.0703125
0 0.43203125000000003 0.4375 0.0484375 0.034375
0 0.37812500000000004 0.37343750000000003 0.065625 0.065625
0 0.36562500000000003 0.4703125 0.028125 0.025
0 0.403125 0.55625 0.1375 0.153125
0 0.21015625000000002 0.59765625 0.0328125 0.035937500000000004
0 0.521875 0.14921875 0.19687500000000002 0.2109375
0 0.59296875 0.33906250000000004 0.045312500000000006 0.040625
0 0.58515625 0.40859375000000003 0.0671875 0.0703125
0 0.55078125 0.4890625 0.0421875 0.03125
0 0.64375 0.515625 0.10625000000000001 0.084375
