0 0.83515625 0.609375 0.2078125 0.203125
0 0.65546875 0.671875 0.1640625 0.19375
0 0.7390625000000001 0.5578125 0.046875 0.046875
0 0.70703125 0.5945312500000001 0.0328125 0.0421875
0 0.6625000000000001 0.478125 0.05625 0.0625
0 0.7328125000000001 0.5007812500000001 0.025 0.0421875
0 0.8296875 0.446875 0.028125 0.034375
0 0.6414062500000001 0.41484375 0.026562500000000003 0.0328125
0 0.465625 0.3765625 0.037500000000000006 0.043750000000000004
0 0.43125 0.38359375 0.1 0.1328125
0 0.371875 0.38828125 0.03125 0.035937500000000004
0 0.28359375000000003 0.21796875000000002 0.045312500000000006 0.045312500000000006
0 0.203125 0.23203125000000002 0.07187500000000001 0.07968750000000001
0 0.45859375 0.54140625 0.0671875 0.06406250000000001
0 0.32109375 0.54140625 0.2109375 0.1609375
0 0.5007812500000001 0.86484375 0.09531250000000001 0.1390625
0 0.40937500000000004 0.90390625 0.1375 0.1015625
0 0.37421875000000004 0.290625 0.0203125 0.028125
0 0.55859375 0.58125 0.1171875 0.078125
