0 0.35859375000000004 0.40390625 0.2484375 0.1796875
0 0.53125 0.47265625 0.15000000000000002 0.1328125
0 0.696875 0.48125 0.15625 0.184375
0 0.7625000000000001 0.5609375 0.05625 0.05
0 0.7117187500000001 0.6429687500000001 0.060937500000000006 0.0484375
0 0.77265625 0.43828125 0.11093750000000001 0.11093750000000001
0 0.8359375 0.34609375000000003 0.115625 0.11093750000000001
0 0.703125 0.22734375 0.2625 0.2578125
0 0.5750000000000001 0.24453125 0.09375 0.1296875
0 0.5921875 0.3359375 0.040625 0.05
0 0.52890625 0.29609375 0.0328125 0.0328125
0 0.47421875 0.22265625 0.0546875 0.06406250000000001
0 0.465625 0.28203125 0.07500000000000001 0.0671875
0 0.6359375 0.58828125 0.034375 0.0421875
