0 0.5375 0.45546875000000003 0.043750000000000004 0.0421875
0 0.434375 0.47500000000000003 0.037500000000000006 0.028125
0 0.66953125 0.6046875 0.0671875 0.03125
0 0.61640625 0.6273437500000001 0.0328125 0.035937500000000004
0 0.6328125 0.6890625 0.05 0.040625
0 0.59765625 0.71640625 0.035937500000000004 0.026562500000000003
0 0.53671875 0.53046875 0.045312500000000006 0.0484375
0 0.5453125 0.3921875 0.040625 0.059375000000000004
0 0.6507812500000001 0.35625 0.0390625 0.040625
0 0.68359375 0.4296875 0.0390625 0.034375
0 0.48671875000000003 0.390625 0.051562500000000004 0.053125000000000006
0 0.44765625000000003 0.259375 0.1296875 0.10312500000000001
0 0.49453125000000003 0.33046875000000003 0.060937500000000006 0.0703125
0 0.43125 0.33671875 0.065625 0.051562500000000004
