0 0.38593750000000004 0.32656250000000003 0.040625 0.046875
0 0.51484375 0.35781250000000003 0.045312500000000006 0.03125
0 0.53359375 0.275 0.0578125 0.078125
0 0.60546875 0.2484375 0.0703125 0.096875
0 0.5671875000000001 0.4078125 0.037500000000000006 0.040625
0 0.67109375 0.453125 0.0328125 0.037500000000000006
0 0.7296875 0.4375 0.037500000000000006 0.05625
0 0.55625 0.51328125 0.07500000000000001 0.08281250000000001
0 0.6062500000000001 0.596875 0.08750000000000001 0.05
0 0.4265625 0.7523437500000001 0.08750000000000001 0.0546875
0 0.40703125 0.8203125 0.0484375 0.025
0 0.1765625 0.64609375 0.2625 0.22031250000000002
0 0.26796875000000003 0.4578125 0.029687500000000002 0.037500000000000006
