0 0.6101562500000001 0.30781250000000004 0.051562500000000004 0.053125000000000006
0 0.59609375 0.4 0.0390625 0.040625
0 0.4078125 0.47109375000000003 0.028125 0.029687500000000002
0 0.73984375 0.48984375 0.1296875 0.1171875
0 0.7109375 0.42421875000000003 0.043750000000000004 0.0578125
0 0.875 0.4421875 0.03125 0.03125
0 0.5375 0.578125 0.03125 0.03125
0 0.596875 0.6492187500000001 0.037500000000000006 0.0390625
0 0.56171875 0.72421875 0.0328125 0.035937500000000004
0 0.51484375 0.76953125 0.0484375 0.0484375
0 0.41796875 0.7367187500000001 0.0890625 0.0859375
0 0.43515625 0.64609375 0.0578125 0.060937500000000006
0 0.62890625 0.6140625000000001 0.0203125 0.025
0 0.81796875 0.7562500000000001 0.06406250000000001 0.0625
0 0.8210937500000001 0.69140625 0.0421875 0.0484375
