0 0.49921875000000004 0.6203125 0.07968750000000001 0.09375
0 0.6585937500000001 0.65625 0.0546875 0.053125000000000006
0 0.6648437500000001 0.69921875 0.0328125 0.035937500000000004
0 0.66171875 0.75546875 0.045312500000000006 0.0484375
0 0.74765625 0.59140625 0.1265625 0.1546875
0 0.47187500000000004 0.53828125 0.203125 0.1484375
0 0.3671875 0.6125 0.03125 0.03125
0 0.39375000000000004 0.5085937500000001 0.028125 0.029687500000000002
0 0.4859375 0.43671875000000004 0.03125 0.0328125
0 0.7351562500000001 0.3171875 0.31093750000000003 0.3125
0 0.48984375 0.2390625 0.0734375 0.0625
0 0.49375 0.39609375 0.028125 0.035937500000000004
0 0.18906250000000002 0.62421875 0.046875 0.0546875
