3 0.5281250000000001 0.31796875 0.1 0.09843750000000001
3 0.58515625 0.24609375 0.060937500000000006 0.045312500000000006
3 0.76328125 0.47890625000000003 0.3296875 0.17343750000000002
3 0.38203125000000004 0.47265625 0.09531250000000001 0.0890625
3 0.38671875 0.5710937500000001 0.035937500000000004 0.035937500000000004
3 0.53671875 0.55390625 0.1234375 0.09531250000000001
3 0.5281250000000001 0.6726562500000001 0.14375000000000002 0.1765625
3 0.6125 0.66171875 0.0625 0.0546875
3 0.41796875 0.69296875 0.09843750000000001 0.11406250000000001
3 0.52890625 0.8148437500000001 0.06406250000000001 0.0703125
3 0.38203125000000004 0.87890625 0.1265625 0.1015625
