0 0.43125 0.58984375 0.059375000000000004 0.0890625
0 0.38984375000000004 0.546875 0.0421875 0.043750000000000004
0 0.34375 0.38125000000000003 0.10312500000000001 0.11875000000000001
0 0.4921875 0.44062500000000004 0.037500000000000006 0.03125
0 0.51328125 0.40937500000000004 0.026562500000000003 0.021875000000000002
0 0.5906250000000001 0.41250000000000003 0.043750000000000004 0.040625
0 0.6015625 0.36562500000000003 0.065625 0.037500000000000006
0 0.55859375 0.2984375 0.1390625 0.16562500000000002
0 0.46328125000000003 0.30312500000000003 0.051562500000000004 0.078125
0 0.39453125 0.30703125000000003 0.029687500000000002 0.0546875
0 0.3953125 0.234375 0.059375000000000004 0.06875
0 0.49375 0.20390625 0.037500000000000006 0.051562500000000004
0 0.4390625 0.12890625 0.07187500000000001 0.0765625
