0 0.17578125 0.66171875 0.1765625 0.1453125
0 0.34765625 0.53359375 0.0671875 0.0734375
0 0.40078125000000003 0.61484375 0.060937500000000006 0.0734375
0 0.4390625 0.5085937500000001 0.028125 0.026562500000000003
0 0.09765625 0.60703125 0.0765625 0.07968750000000001
0 0.12265625000000001 0.55625 0.0671875 0.09062500000000001
0 0.14296875 0.509375 0.0671875 0.08125
0 0.24765625000000002 0.415625 0.1296875 0.134375
0 0.18359375 0.49843750000000003 0.0390625 0.043750000000000004
0 0.2484375 0.5015625 0.03125 0.03125
0 0.1453125 0.4421875 0.037500000000000006 0.034375
0 0.44453125000000004 0.3453125 0.09531250000000001 0.109375
0 0.46953125 0.17734375000000002 0.2078125 0.1421875
