0 0.58203125 0.5789062500000001 0.09531250000000001 0.11406250000000001
0 0.596875 0.30781250000000004 0.043750000000000004 0.021875000000000002
0 0.53515625 0.33671875 0.029687500000000002 0.0203125
0 0.246875 0.4375 0.125 0.08125
0 0.1765625 0.37109375 0.028125 0.0234375
0 0.09296875 0.36171875000000003 0.0390625 0.029687500000000002
0 0.11875000000000001 0.4625 0.07500000000000001 0.025
0 0.07265625 0.5203125000000001 0.07968750000000001 0.078125
0 0.09921875000000001 0.6171875 0.0703125 0.065625
0 0.06406250000000001 0.703125 0.115625 0.109375
0 0.26328125 0.58125 0.1703125 0.1125
