0 0.65234375 0.8046875 0.11093750000000001 0.10312500000000001
0 0.5953125 0.75703125 0.040625 0.0578125
0 0.64375 0.71796875 0.034375 0.0703125
0 0.6000000000000001 0.6898437500000001 0.05625 0.0421875
0 0.5578125 0.6960937500000001 0.028125 0.035937500000000004
0 0.5906250000000001 0.59609375 0.043750000000000004 0.0390625
0 0.6390625000000001 0.640625 0.046875 0.05
0 0.7421875 0.59296875 0.05 0.026562500000000003
0 0.66015625 0.42421875000000003 0.0671875 0.029687500000000002
0 0.59609375 0.4078125 0.0328125 0.03125
0 0.6140625000000001 0.34296875000000004 0.040625 0.029687500000000002
0 0.578125 0.321875 0.03125 0.021875000000000002
0 0.4859375 0.521875 0.07187500000000001 0.053125000000000006
0 0.40625 0.6296875000000001 0.084375 0.13125
0 0.47500000000000003 0.625 0.043750000000000004 0.0625
0 0.46015625000000004 0.6875 0.0328125 0.05
