0 0.2 0.44062500000000004 0.215625 0.21250000000000002
0 0.3828125 0.37343750000000003 0.171875 0.2
0 0.29921875000000003 0.49140625000000004 0.0484375 0.0484375
0 0.33125000000000004 0.453125 0.034375 0.043750000000000004
0 0.3796875 0.571875 0.059375000000000004 0.065625
0 0.30781250000000004 0.55 0.028125 0.043750000000000004
0 0.21015625000000002 0.6078125000000001 0.029687500000000002 0.034375
0 0.403125 0.63671875 0.028125 0.0328125
0 0.58359375 0.67109375 0.0390625 0.045312500000000006
0 0.6195312500000001 0.66328125 0.1046875 0.13593750000000002
0 0.6804687500000001 0.6570312500000001 0.0328125 0.035937500000000004
0 0.775 0.8289062500000001 0.046875 0.0484375
0 0.85703125 0.8132812500000001 0.0734375 0.08281250000000001
0 0.5875 0.5015625 0.06875 0.065625
0 0.7289062500000001 0.49843750000000003 0.2171875 0.16875
0 0.53671875 0.17109375000000002 0.1015625 0.1421875
0 0.63046875 0.12890625 0.1421875 0.1078125
0 0.6796875 0.75703125 0.021875000000000002 0.029687500000000002
0 0.484375 0.46406250000000004 0.11875000000000001 0.08125
