0 0.9046875000000001 0.38125000000000003 0.059375000000000004 0.053125000000000006
0 0.8515625 0.3765625 0.043750000000000004 0.0625
0 0.8093750000000001 0.37031250000000004 0.05 0.043750000000000004
0 0.7515625 0.38046875 0.053125000000000006 0.045312500000000006
0 0.7468750000000001 0.3296875 0.043750000000000004 0.037500000000000006
0 0.690625 0.36328125 0.06875 0.0734375
0 0.37890625 0.40703125 0.13593750000000002 0.0890625
0 0.6890625 0.5625 0.1 0.06875
0 0.72421875 0.671875 0.1328125 0.1375
0 0.8125 0.7429687500000001 0.09062500000000001 0.0671875
0 0.7046875 0.7671875 0.05 0.0625
0 0.6414062500000001 0.6781250000000001 0.0578125 0.06875
0 0.5515625000000001 0.67109375 0.19062500000000002 0.23593750000000002
0 0.63828125 0.8484375000000001 0.1921875 0.140625
0 0.5125000000000001 0.52734375 0.05625 0.0484375
0 0.39687500000000003 0.58359375 0.06875 0.0890625
0 0.46484375 0.56953125 0.026562500000000003 0.029687500000000002
0 0.3046875 0.6507812500000001 0.025 0.029687500000000002
