0 0.36171875000000003 0.66796875 0.06406250000000001 0.060937500000000006
0 0.40703125 0.71640625 0.045312500000000006 0.06406250000000001
0 0.42500000000000004 0.6328125 0.018750000000000003 0.021875000000000002
0 0.46796875000000004 0.6515625 0.035937500000000004 0.053125000000000006
0 0.48750000000000004 0.7109375 0.021875000000000002 0.037500000000000006
0 0.48125 0.7523437500000001 0.05625 0.0390625
0 0.3171875 0.73359375 0.1 0.08281250000000001
0 0.38984375000000004 0.58515625 0.0390625 0.045312500000000006
0 0.45390625 0.571875 0.1046875 0.1
0 0.5398437500000001 0.45234375000000004 0.1203125 0.1015625
0 0.5734375 0.56171875 0.059375000000000004 0.060937500000000006
0 0.7140625 0.53125 0.265625 0.240625
