0 0.48281250000000003 0.7523437500000001 0.28750000000000003 0.22031250000000002
0 0.5703125 0.55703125 0.178125 0.1609375
0 0.69921875 0.41718750000000004 0.18906250000000002 0.215625
0 0.6890625 0.2984375 0.065625 0.059375000000000004
0 0.58125 0.27187500000000003 0.07187500000000001 0.059375000000000004
0 0.79609375 0.3921875 0.1328125 0.13125
0 0.921875 0.41796875 0.1375 0.1328125
0 0.8757812500000001 0.6218750000000001 0.2484375 0.30625
0 0.78828125 0.71015625 0.11406250000000001 0.15156250000000002
0 0.73046875 0.62109375 0.0484375 0.0578125
0 0.70859375 0.7039062500000001 0.0390625 0.0390625
0 0.72265625 0.80859375 0.0671875 0.0765625
0 0.6687500000000001 0.7671875 0.08750000000000001 0.08125
0 0.5632812500000001 0.37812500000000004 0.0421875 0.05
