0 0.49453125000000003 0.66171875 0.0421875 0.035937500000000004
0 0.54296875 0.7312500000000001 0.1203125 0.178125
0 0.48515625 0.8367187500000001 0.11406250000000001 0.1484375
0 0.63046875 0.48359375000000004 0.0546875 0.0546875
0 0.8445312500000001 0.6507812500000001 0.0328125 0.029687500000000002
0 0.49296875 0.4140625 0.051562500000000004 0.05
0 0.48750000000000004 0.27734375 0.046875 0.0390625
0 0.30703125000000003 0.48671875000000003 0.0890625 0.1078125
0 0.18125000000000002 0.5140625 0.037500000000000006 0.046875
0 0.17343750000000002 0.44765625000000003 0.034375 0.029687500000000002
