3 0.7000000000000001 0.434375 0.07187500000000001 0.07500000000000001
3 0.7601562500000001 0.3953125 0.0578125 0.043750000000000004
3 0.6664062500000001 0.29140625000000003 0.18281250000000002 0.20468750000000002
3 0.58984375 0.46015625000000004 0.060937500000000006 0.0671875
3 0.46171875 0.33359375 0.26406250000000003 0.38906250000000003
3 0.36640625000000004 0.44375000000000003 0.07968750000000001 0.084375
3 0.33984375 0.31093750000000003 0.2109375 0.20625000000000002
3 0.4921875 0.63984375 0.3375 0.30781250000000004
3 0.56796875 0.77265625 0.1546875 0.1203125
3 0.2625 0.7562500000000001 0.25 0.17500000000000002
