0 0.31875000000000003 0.3453125 0.34687500000000004 0.328125
0 0.20703125 0.4578125 0.051562500000000004 0.046875
0 0.26953125 0.4703125 0.026562500000000003 0.03125
0 0.33359375 0.49375 0.0421875 0.043750000000000004
0 0.22812500000000002 0.51328125 0.078125 0.060937500000000006
0 0.4609375 0.55390625 0.03125 0.035937500000000004
0 0.48750000000000004 0.6351562500000001 0.08750000000000001 0.0765625
0 0.6015625 0.51484375 0.11875000000000001 0.1171875
0 0.6468750000000001 0.371875 0.05625 0.06875
0 0.52578125 0.503125 0.026562500000000003 0.03125
0 0.5296875 0.46796875000000004 0.025 0.026562500000000003
