0 0.18359375 0.7625000000000001 0.0578125 0.05
0 0.23750000000000002 0.753125 0.037500000000000006 0.059375000000000004
0 0.28046875 0.7468750000000001 0.0484375 0.040625
0 0.33515625000000004 0.72265625 0.051562500000000004 0.0421875
0 0.35234375 0.7718750000000001 0.0421875 0.034375
0 0.39921875 0.72265625 0.06406250000000001 0.0703125
0 0.6937500000000001 0.59921875 0.134375 0.0765625
0 0.3484375 0.52734375 0.096875 0.060937500000000006
0 0.28515625 0.42890625000000004 0.1234375 0.1296875
0 0.18046875 0.3828125 0.0890625 0.059375000000000004
0 0.27968750000000003 0.3296875 0.046875 0.059375000000000004
0 0.36562500000000003 0.40078125000000003 0.053125000000000006 0.0671875
0 0.45546875000000003 0.38359375 0.17343750000000002 0.2265625
0 0.32343750000000004 0.23203125000000002 0.184375 0.1265625
0 0.53125 0.515625 0.053125000000000006 0.043750000000000004
0 0.6296875000000001 0.42890625000000004 0.0625 0.0859375
0 0.5671875000000001 0.46171875 0.025 0.026562500000000003
0 0.7039062500000001 0.33984375 0.0234375 0.029687500000000002
