0 0.71015625 0.7507812500000001 0.2109375 0.15781250000000002
0 0.5875 0.61640625 0.125 0.18281250000000002
0 0.7234375000000001 0.63671875 0.043750000000000004 0.045312500000000006
0 0.6781250000000001 0.61875 0.034375 0.043750000000000004
0 0.75546875 0.54453125 0.0546875 0.051562500000000004
0 0.7585937500000001 0.34609375000000003 0.035937500000000004 0.035937500000000004
0 0.6296875000000001 0.5046875000000001 0.10625000000000001 0.096875
0 0.7609375 0.609375 0.03125 0.034375
0 0.48984375 0.5703125 0.1421875 0.13125
0 0.4890625 0.47187500000000004 0.07187500000000001 0.06875
0 0.36015625 0.4421875 0.2671875 0.253125
0 0.8539062500000001 0.6687500000000001 0.0390625 0.040625
