0 0.6328125 0.5859375 0.13125 0.140625
0 0.52734375 0.40546875000000004 0.035937500000000004 0.035937500000000004
0 0.32421875 0.32734375000000004 0.18281250000000002 0.1484375
0 0.3953125 0.553125 0.096875 0.084375
0 0.49765625 0.6687500000000001 0.0390625 0.040625
0 0.49296875 0.75703125 0.045312500000000006 0.0421875
0 0.4609375 0.8234375 0.053125000000000006 0.046875
0 0.34218750000000003 0.8187500000000001 0.09062500000000001 0.1
0 0.33125000000000004 0.7273437500000001 0.040625 0.035937500000000004
0 0.41328125000000004 0.61640625 0.0390625 0.0421875
