0 0.46640625 0.41328125000000004 0.0703125 0.09843750000000001
0 0.40625 0.434375 0.05 0.05
0 0.28046875 0.5734375 0.1203125 0.134375
0 0.453125 0.5867187500000001 0.040625 0.035937500000000004
0 0.4578125 0.628125 0.03125 0.025
0 0.53515625 0.6625000000000001 0.0484375 0.046875
0 0.5234375 0.7140625 0.07187500000000001 0.046875
0 0.44921875 0.7585937500000001 0.1609375 0.1859375
0 0.35859375000000004 0.70703125 0.060937500000000006 0.0859375
0 0.29375 0.66953125 0.037500000000000006 0.060937500000000006
0 0.25859375 0.74140625 0.0703125 0.07968750000000001
0 0.33984375 0.81953125 0.045312500000000006 0.0578125
0 0.25 0.8640625000000001 0.084375 0.08750000000000001
