0 0.19296875000000002 0.48515625 0.24531250000000002 0.2109375
0 0.39765625000000004 0.49843750000000003 0.17343750000000002 0.209375
0 0.27265625 0.58828125 0.0546875 0.0546875
0 0.321875 0.56640625 0.046875 0.051562500000000004
0 0.31796875 0.6875 0.0671875 0.065625
0 0.47187500000000004 0.8500000000000001 0.043750000000000004 0.043750000000000004
0 0.45 0.62109375 0.12812500000000002 0.1234375
0 0.26406250000000003 0.63984375 0.040625 0.0421875
0 0.5125000000000001 0.45937500000000003 0.171875 0.16562500000000002
0 0.5906250000000001 0.53671875 0.08750000000000001 0.0859375
0 0.71640625 0.46015625000000004 0.32656250000000003 0.3203125
0 0.14140625 0.665625 0.0484375 0.05
