0 0.0765625 0.27890625 0.146875 0.2015625
0 0.08203125 0.47265625 0.1609375 0.0890625
0 0.2515625 0.390625 0.171875 0.08125
0 0.2984375 0.49296875 0.115625 0.0703125
0 0.3296875 0.5437500000000001 0.046875 0.037500000000000006
0 0.41484375 0.5359375000000001 0.0421875 0.053125000000000006
0 0.415625 0.46718750000000003 0.034375 0.021875000000000002
0 0.35781250000000003 0.66796875 0.115625 0.18281250000000002
0 0.31953125000000004 0.8234375 0.0390625 0.053125000000000006
0 0.38593750000000004 0.8304687500000001 0.059375000000000004 0.1046875
0 0.6453125000000001 0.5984375000000001 0.140625 0.11875000000000001
0 0.62890625 0.30781250000000004 0.0421875 0.053125000000000006
0 0.546875 0.19843750000000002 0.043750000000000004 0.059375000000000004
0 0.7234375000000001 0.11406250000000001 0.28125 0.19687500000000002
