0 0.59609375 0.61875 0.029687500000000002 0.043750000000000004
0 0.6804687500000001 0.6359375 0.15781250000000002 0.2625
0 0.7296875 0.78515625 0.05 0.0546875
0 0.7046875 0.8210937500000001 0.025 0.026562500000000003
0 0.5945312500000001 0.8046875 0.0703125 0.171875
0 0.6046875 0.6937500000000001 0.028125 0.028125
0 0.7671875 0.8 0.021875000000000002 0.018750000000000003
0 0.49296875 0.65625 0.16718750000000002 0.10312500000000001
0 0.44062500000000004 0.603125 0.053125000000000006 0.059375000000000004
0 0.38046875 0.5921875 0.0390625 0.034375
0 0.52265625 0.5625 0.08281250000000001 0.10312500000000001
0 0.31640625 0.51328125 0.0734375 0.0734375
0 0.25625000000000003 0.53046875 0.043750000000000004 0.0421875
0 0.20078125000000002 0.5546875 0.0328125 0.028125
0 0.27109375 0.5609375 0.0203125 0.018750000000000003
0 0.44765625000000003 0.51484375 0.026562500000000003 0.029687500000000002
0 0.7484375000000001 0.45234375000000004 0.034375 0.0734375
0 0.8 0.45078125 0.025 0.026562500000000003
0 0.85703125 0.49843750000000003 0.2015625 0.18125000000000002
0 0.8984375 0.609375 0.03125 0.034375
