0 0.4265625 0.59765625 0.053125000000000006 0.0546875
0 0.5554687500000001 0.721875 0.3140625 0.3375
0 0.41796875 0.45546875000000003 0.0234375 0.026562500000000003
0 0.69453125 0.5421875 0.1546875 0.11875000000000001
0 0.82421875 0.5593750000000001 0.0921875 0.08125
0 0.8828125 0.5125000000000001 0.034375 0.034375
0 0.8070312500000001 0.44921875 0.0765625 0.0671875
0 0.7250000000000001 0.46171875 0.034375 0.0328125
0 0.46328125000000003 0.20859375000000002 0.09531250000000001 0.1046875
0 0.33984375 0.1234375 0.0421875 0.043750000000000004
