0 0.41718750000000004 0.6359375 0.07500000000000001 0.08750000000000001
0 0.42812500000000003 0.7406250000000001 0.028125 0.028125
0 0.6351562500000001 0.359375 0.0671875 0.08125
0 0.43828125 0.38125000000000003 0.1390625 0.23125
0 0.55859375 0.4140625 0.11093750000000001 0.08750000000000001
0 0.578125 0.32109375 0.040625 0.06406250000000001
0 0.5859375 0.58984375 0.1125 0.11406250000000001
0 0.5625 0.5046875000000001 0.037500000000000006 0.043750000000000004
0 0.6046875 0.50625 0.034375 0.034375
0 0.8625 0.540625 0.05 0.05625
0 0.8296875 0.671875 0.23750000000000002 0.20625000000000002
0 0.7359375 0.5710937500000001 0.059375000000000004 0.0421875
0 0.69296875 0.5078125 0.0578125 0.07187500000000001
