0 0.31796875 0.62421875 0.27968750000000003 0.22968750000000002
0 0.52265625 0.58046875 0.1765625 0.1640625
0 0.70859375 0.60078125 0.1921875 0.21406250000000002
0 0.7953125000000001 0.5242187500000001 0.065625 0.060937500000000006
0 0.75390625 0.42421875000000003 0.0703125 0.060937500000000006
0 0.7835937500000001 0.6625000000000001 0.1328125 0.13125
0 0.8367187500000001 0.7765625 0.13593750000000002 0.134375
0 0.66796875 0.86484375 0.31093750000000003 0.2703125
0 0.5296875 0.8406250000000001 0.11875000000000001 0.146875
0 0.565625 0.7429687500000001 0.05 0.0578125
0 0.48828125 0.7742187500000001 0.0390625 0.0390625
0 0.4140625 0.846875 0.06875 0.07500000000000001
0 0.41484375 0.77890625 0.0859375 0.08281250000000001
0 0.6609375000000001 0.47109375000000003 0.043750000000000004 0.0484375
