0 0.44375000000000003 0.45156250000000003 0.06875 0.12187500000000001
0 0.15937500000000002 0.4390625 0.25 0.19062500000000002
0 0.28828125 0.540625 0.0578125 0.053125000000000006
0 0.37812500000000004 0.5375 0.06875 0.043750000000000004
0 0.43359375 0.5625 0.029687500000000002 0.03125
0 0.515625 0.6328125 0.19062500000000002 0.18125000000000002
0 0.65234375 0.8140625 0.0859375 0.07187500000000001
0 0.84921875 0.5945312500000001 0.3015625 0.30781250000000004
0 0.696875 0.328125 0.11875000000000001 0.1625
0 0.5765625 0.31171875000000004 0.053125000000000006 0.0390625
0 0.553125 0.26875 0.037500000000000006 0.037500000000000006
0 0.51796875 0.21953125 0.0390625 0.0421875
0 0.4078125 0.94921875 0.046875 0.0328125
