3 0.4921875 0.32734375000000004 0.053125000000000006 0.045312500000000006
3 0.5320312500000001 0.38671875 0.0671875 0.07968750000000001
3 0.6960937500000001 0.5 0.23593750000000002 0.225
3 0.80078125 0.6765625000000001 0.07968750000000001 0.078125
3 0.7046875 0.75546875 0.07500000000000001 0.06406250000000001
3 0.36250000000000004 0.41328125000000004 0.10312500000000001 0.1046875
3 0.36250000000000004 0.5281250000000001 0.209375 0.15625
3 0.42109375000000004 0.62421875 0.0890625 0.0859375
3 0.56796875 0.62421875 0.1453125 0.1171875
3 0.5015625 0.68359375 0.109375 0.09531250000000001
3 0.47968750000000004 0.8375 0.25625000000000003 0.265625
