0 0.55078125 0.24921875000000002 0.0421875 0.15781250000000002
0 0.659375 0.39687500000000003 0.12812500000000002 0.24375000000000002
0 0.5750000000000001 0.353125 0.015625 0.021875000000000002
0 0.6781250000000001 0.253125 0.040625 0.043750000000000004
0 0.6492187500000001 0.21953125 0.0203125 0.0203125
0 0.7109375 0.23046875 0.018750000000000003 0.0203125
0 0.65625 0.5890625 0.025 0.034375
0 0.67109375 0.6976562500000001 0.24531250000000002 0.1390625
0 0.534375 0.75703125 0.028125 0.0578125
0 0.5796875 0.421875 0.025 0.034375
