0 0.478125 0.609375 0.109375 0.11875000000000001
0 0.38984375000000004 0.39453125 0.0421875 0.029687500000000002
0 0.44765625000000003 0.40078125000000003 0.029687500000000002 0.0234375
0 0.7093750000000001 0.40078125000000003 0.125 0.1015625
0 0.74765625 0.32734375000000004 0.029687500000000002 0.026562500000000003
0 0.81171875 0.29609375 0.0390625 0.035937500000000004
0 0.81953125 0.384375 0.0671875 0.040625
0 0.8734375000000001 0.41796875 0.08750000000000001 0.0859375
0 0.8796875000000001 0.50390625 0.07500000000000001 0.0734375
0 0.9320312500000001 0.5632812500000001 0.1234375 0.1203125
0 0.7367187500000001 0.52109375 0.1703125 0.1390625
