0 0.134375 0.6742187500000001 0.084375 0.0859375
0 0.32734375000000004 0.6328125 0.15781250000000002 0.15625
0 0.30859375 0.7484375000000001 0.08281250000000001 0.07187500000000001
0 0.41875 0.7429687500000001 0.146875 0.1703125
0 0.52734375 0.8679687500000001 0.0484375 0.0421875
0 0.41718750000000004 0.5906250000000001 0.096875 0.10625000000000001
0 0.5640625 0.34921875 0.325 0.42031250000000003
0 0.4265625 0.34687500000000004 0.10625000000000001 0.11875000000000001
0 0.284375 0.4421875 0.053125000000000006 0.059375000000000004
0 0.16171875000000002 0.6312500000000001 0.0328125 0.03125
