0 0.8367187500000001 0.28359375000000003 0.0484375 0.051562500000000004
0 0.784375 0.29375 0.037500000000000006 0.053125000000000006
0 0.7453125 0.29921875000000003 0.043750000000000004 0.029687500000000002
0 0.6921875000000001 0.325 0.046875 0.037500000000000006
0 0.6328125 0.328125 0.0625 0.06875
0 0.6742187500000001 0.278125 0.035937500000000004 0.03125
0 0.36015625 0.45703125 0.1328125 0.07968750000000001
0 0.671875 0.4734375 0.025 0.037500000000000006
0 0.5890625 0.53359375 0.040625 0.026562500000000003
0 0.55703125 0.63203125 0.06406250000000001 0.0921875
0 0.49453125000000003 0.7312500000000001 0.1078125 0.13125
0 0.48203125 0.83515625 0.0546875 0.08281250000000001
0 0.41640625000000003 0.7507812500000001 0.06406250000000001 0.0703125
0 0.4390625 0.675 0.05625 0.05625
0 0.36484375 0.67109375 0.2890625 0.3453125
