3 0.5046875000000001 0.64375 0.065625 0.07187500000000001
3 0.5421875 0.7140625 0.046875 0.037500000000000006
3 0.6742187500000001 0.6429687500000001 0.1015625 0.09843750000000001
3 0.6726562500000001 0.52265625 0.2015625 0.15156250000000002
3 0.63046875 0.43125 0.1046875 0.09375
3 0.48046875 0.42578125 0.1296875 0.1046875
3 0.35859375000000004 0.2890625 0.0671875 0.0625
3 0.24765625000000002 0.35703125 0.045312500000000006 0.0578125
3 0.3609375 0.54453125 0.215625 0.2171875
3 0.53359375 0.36875 0.07968750000000001 0.078125
3 0.5789062500000001 0.21796875000000002 0.2484375 0.2578125
