0 0.7406250000000001 0.32890625 0.14375000000000002 0.1015625
0 0.7937500000000001 0.45078125 0.1 0.0703125
0 0.6062500000000001 0.43828125 0.046875 0.0328125
0 0.65546875 0.375 0.06406250000000001 0.0625
0 0.67109375 0.46796875000000004 0.026562500000000003 0.0234375
0 0.63828125 0.55078125 0.13593750000000002 0.1484375
0 0.82421875 0.584375 0.0328125 0.034375
0 0.51171875 0.16562500000000002 0.1921875 0.20625000000000002
0 0.44921875 0.35000000000000003 0.045312500000000006 0.040625
0 0.45859375 0.415625 0.06406250000000001 0.06875
0 0.49453125000000003 0.49140625000000004 0.0421875 0.0328125
0 0.40625 0.5203125000000001 0.10312500000000001 0.084375
