0 0.8140625 0.47265625 0.2 0.1953125
0 0.6570312500000001 0.39921875 0.1609375 0.18281250000000002
0 0.721875 0.51015625 0.043750000000000004 0.045312500000000006
0 0.696875 0.47421875 0.034375 0.0390625
0 0.64609375 0.57578125 0.0546875 0.060937500000000006
0 0.7117187500000001 0.56171875 0.026562500000000003 0.0390625
0 0.7937500000000001 0.6203125 0.028125 0.03125
0 0.62109375 0.6312500000000001 0.026562500000000003 0.03125
0 0.4578125 0.65 0.037500000000000006 0.040625
0 0.42734375 0.63984375 0.09843750000000001 0.1234375
0 0.37343750000000003 0.63046875 0.03125 0.0328125
0 0.278125 0.7765625 0.043750000000000004 0.043750000000000004
0 0.20625000000000002 0.7578125 0.06875 0.07500000000000001
0 0.46640625 0.49921875000000004 0.06406250000000001 0.060937500000000006
0 0.34218750000000003 0.48671875000000003 0.19687500000000002 0.1609375
0 0.534375 0.2109375 0.096875 0.12812500000000002
0 0.4546875 0.16640625 0.12812500000000002 0.1015625
0 0.36640625000000004 0.7195312500000001 0.0203125 0.026562500000000003
0 0.5609375 0.4734375 0.10625000000000001 0.078125
