0 0.08046875 0.25078125 0.0546875 0.0578125
0 0.1453125 0.25546875 0.040625 0.060937500000000006
0 0.19453125000000002 0.25625000000000003 0.051562500000000004 0.03125
0 0.26406250000000003 0.28125 0.053125000000000006 0.040625
0 0.3375 0.27578125000000003 0.06875 0.0765625
0 0.27890625 0.22031250000000002 0.0421875 0.034375
0 0.690625 0.39609375 0.15625 0.08281250000000001
0 0.309375 0.4609375 0.025 0.043750000000000004
0 0.41953125 0.5234375 0.0484375 0.028125
0 0.47265625 0.63984375 0.0671875 0.1078125
0 0.56484375 0.7523437500000001 0.1171875 0.15156250000000002
0 0.59375 0.8796875000000001 0.05625 0.096875
0 0.66328125 0.765625 0.0703125 0.08125
0 0.62421875 0.675 0.06406250000000001 0.0625
0 0.7156250000000001 0.6609375000000001 0.31562500000000004 0.39375000000000004
