0 0.74375 0.43125 0.046875 0.034375
0 0.7984375 0.64375 0.065625 0.037500000000000006
0 0.51015625 0.6328125 0.0234375 0.025
0 0.5390625 0.6804687500000001 0.021875000000000002 0.026562500000000003
0 0.51875 0.6859375000000001 0.018750000000000003 0.025
0 0.48203125 0.69296875 0.0203125 0.0234375
0 0.38906250000000003 0.3484375 0.021875000000000002 0.034375
0 0.446875 0.27421875 0.025 0.026562500000000003
0 0.42265625 0.290625 0.0203125 0.03125
0 0.38359375 0.2609375 0.026562500000000003 0.046875
