0 0.8453125 0.24140625000000002 0.05625 0.0578125
0 0.7898437500000001 0.25546875 0.045312500000000006 0.0578125
0 0.74765625 0.26406250000000003 0.0484375 0.034375
0 0.69140625 0.296875 0.051562500000000004 0.043750000000000004
0 0.6273437500000001 0.30390625000000004 0.0703125 0.0765625
0 0.66953125 0.24609375 0.0421875 0.035937500000000004
0 0.34140625 0.46328125000000003 0.1484375 0.09531250000000001
0 0.68125 0.45859375 0.028125 0.0421875
0 0.59609375 0.53046875 0.045312500000000006 0.0328125
0 0.56875 0.6390625000000001 0.07500000000000001 0.10312500000000001
0 0.50625 0.7507812500000001 0.125 0.1484375
0 0.50234375 0.86484375 0.06406250000000001 0.0921875
0 0.42421875000000003 0.7781250000000001 0.0734375 0.08125
0 0.44296875 0.69296875 0.06406250000000001 0.06406250000000001
0 0.36250000000000004 0.6953125 0.33437500000000003 0.390625
