3 0.7132812500000001 0.51015625 0.0671875 0.0703125
3 0.7820312500000001 0.5125000000000001 0.0546875 0.040625
3 0.7546875000000001 0.64453125 0.16875 0.1921875
3 0.609375 0.5421875 0.05625 0.0625
3 0.5640625 0.7093750000000001 0.23750000000000002 0.371875
3 0.43125 0.6648437500000001 0.07500000000000001 0.07968750000000001
3 0.47421875 0.78828125 0.19843750000000002 0.1921875
3 0.43984375000000003 0.44062500000000004 0.3171875 0.284375
3 0.4375 0.2921875 0.146875 0.109375
3 0.1921875 0.45546875000000003 0.23750000000000002 0.15781250000000002
