0 0.4296875 0.3375 0.043750000000000004 0.037500000000000006
0 0.390625 0.33125000000000004 0.043750000000000004 0.046875
0 0.3375 0.42812500000000003 0.028125 0.028125
0 0.41718750000000004 0.46718750000000003 0.03125 0.034375
0 0.29531250000000003 0.30312500000000003 0.246875 0.1875
0 0.6351562500000001 0.39765625000000004 0.0671875 0.0703125
0 0.6585937500000001 0.49140625000000004 0.045312500000000006 0.0578125
0 0.8328125000000001 0.3484375 0.1625 0.13125
0 0.83984375 0.25859375 0.0703125 0.0734375
0 0.7625000000000001 0.24296875 0.109375 0.1203125
0 0.59140625 0.26406250000000003 0.1421875 0.1375
0 0.66953125 0.30625 0.0328125 0.034375
0 0.7078125000000001 0.2578125 0.034375 0.037500000000000006
0 0.56171875 0.45156250000000003 0.0328125 0.034375
0 0.68671875 0.19687500000000002 0.0390625 0.040625
