0 0.0859375 0.47734375 0.16875 0.09843750000000001
0 0.31875000000000003 0.42890625000000004 0.05 0.0671875
0 0.33515625000000004 0.53515625 0.0421875 0.0703125
0 0.42265625 0.446875 0.0234375 0.021875000000000002
0 0.0328125 0.38593750000000004 0.0625 0.06875
0 0.08203125 0.34609375000000003 0.0390625 0.0921875
0 0.12421875 0.309375 0.045312500000000006 0.078125
0 0.2734375 0.26328125 0.10312500000000001 0.1171875
0 0.1703125 0.3171875 0.028125 0.040625
0 0.234375 0.35078125000000004 0.025 0.026562500000000003
0 0.15859375 0.2421875 0.0328125 0.028125
0 0.5046875000000001 0.28515625 0.07187500000000001 0.09843750000000001
0 0.60859375 0.12812500000000002 0.2234375 0.06875
