0 0.1453125 0.3375 0.059375000000000004 0.05
0 0.2 0.33828125000000003 0.037500000000000006 0.060937500000000006
0 0.24453125 0.3375 0.0484375 0.040625
0 0.30234375 0.353125 0.051562500000000004 0.043750000000000004
0 0.31171875000000004 0.30078125 0.0421875 0.035937500000000004
0 0.3671875 0.34218750000000003 0.065625 0.07187500000000001
0 0.68125 0.41875 0.134375 0.078125
0 0.34765625 0.5453125 0.09843750000000001 0.0625
0 0.30078125 0.6546875000000001 0.1265625 0.13125
0 0.20234375000000002 0.71796875 0.0890625 0.060937500000000006
0 0.31093750000000003 0.75390625 0.046875 0.060937500000000006
0 0.38515625000000003 0.6703125000000001 0.0546875 0.06875
0 0.47734375 0.671875 0.1765625 0.23125
0 0.37031250000000004 0.8453125 0.1875 0.12812500000000002
0 0.5328125 0.5281250000000001 0.053125000000000006 0.043750000000000004
0 0.6453125000000001 0.5984375000000001 0.065625 0.08750000000000001
0 0.57734375 0.5765625 0.026562500000000003 0.028125
0 0.73359375 0.67734375 0.0234375 0.029687500000000002
