0 0.3953125 0.9171875 0.084375 0.084375
0 0.48359375000000004 0.7421875 0.1546875 0.153125
0 0.5609375 0.8296875 0.08125 0.07187500000000001
0 0.6257812500000001 0.7406250000000001 0.1421875 0.16875
0 0.7898437500000001 0.7359375 0.0484375 0.040625
0 0.5078125 0.64609375 0.09375 0.1046875
0 0.415625 0.38203125000000004 0.31562500000000004 0.41718750000000004
0 0.32656250000000003 0.4859375 0.10312500000000001 0.11875000000000001
0 0.31093750000000003 0.6546875000000001 0.053125000000000006 0.05625
0 0.37812500000000004 0.8679687500000001 0.03125 0.029687500000000002
