0 0.7250000000000001 0.7250000000000001 0.03125 0.034375
0 0.87421875 0.7000000000000001 0.2515625 0.20625000000000002
0 0.58046875 0.76875 0.21406250000000002 0.19375
0 0.6765625000000001 0.690625 0.05 0.05
0 0.7312500000000001 0.6578125 0.06875 0.059375000000000004
0 0.7234375000000001 0.6125 0.034375 0.037500000000000006
0 0.6195312500000001 0.5953125 0.060937500000000006 0.0625
0 0.5906250000000001 0.540625 0.040625 0.03125
0 0.8640625000000001 0.55 0.034375 0.040625
0 0.32578125 0.70625 0.4140625 0.45
0 0.353125 0.4609375 0.115625 0.184375
0 0.53828125 0.39375000000000004 0.0328125 0.028125
