0 0.328125 0.18359375 0.30000000000000004 0.24531250000000002
0 0.4421875 0.525 0.053125000000000006 0.046875
0 0.4578125 0.6625000000000001 0.096875 0.1125
0 0.340625 0.6234375000000001 0.05 0.053125000000000006
0 0.184375 0.6898437500000001 0.125 0.1546875
0 0.24765625000000002 0.5953125 0.0484375 0.040625
0 0.353125 0.74609375 0.025 0.029687500000000002
0 0.659375 0.57578125 0.03125 0.0390625
0 0.7820312500000001 0.45859375 0.0328125 0.0328125
0 0.7250000000000001 0.3046875 0.134375 0.115625
