3 0.40937500000000004 0.55 0.06875 0.07500000000000001
3 0.36250000000000004 0.5906250000000001 0.059375000000000004 0.059375000000000004
3 0.325 0.45156250000000003 0.184375 0.14375000000000002
3 0.58125 0.5734375 0.07187500000000001 0.065625
3 0.665625 0.521875 0.09375 0.07500000000000001
3 0.6156250000000001 0.45234375000000004 0.078125 0.06406250000000001
3 0.49843750000000003 0.4375 0.0625 0.05
3 0.5546875 0.43125 0.040625 0.037500000000000006
3 0.5609375 0.81015625 0.06875 0.060937500000000006
3 0.50625 0.6921875000000001 0.08125 0.06875
