2 0.52890625 0.7429687500000001 0.0671875 0.0484375
2 0.49531250000000004 0.61640625 0.08750000000000001 0.0859375
2 0.41484375 0.53671875 0.1296875 0.1296875
2 0.41015625 0.6140625000000001 0.026562500000000003 0.021875000000000002
2 0.36953125000000003 0.703125 0.0703125 0.07500000000000001
2 0.265625 0.6671875 0.1 0.1625
2 0.36171875000000003 0.628125 0.0703125 0.08750000000000001
2 0.309375 0.6804687500000001 0.043750000000000004 0.035937500000000004
2 0.30078125 0.49062500000000003 0.09843750000000001 0.109375
2 0.4234375 0.45234375000000004 0.043750000000000004 0.045312500000000006
2 0.5046875000000001 0.49296875 0.1375 0.09531250000000001
2 0.6062500000000001 0.46484375 0.065625 0.051562500000000004
2 0.6546875000000001 0.55 0.065625 0.053125000000000006
