0 0.2859375 0.68359375 0.16562500000000002 0.11406250000000001
0 0.20859375000000002 0.6140625000000001 0.0765625 0.05625
0 0.265625 0.5484375 0.043750000000000004 0.0625
0 0.41015625 0.4859375 0.0171875 0.025
0 0.45234375000000004 0.4078125 0.08281250000000001 0.09062500000000001
0 0.58046875 0.38515625000000003 0.0734375 0.051562500000000004
0 0.38203125000000004 0.7109375 0.2703125 0.209375
0 0.6234375000000001 0.70234375 0.134375 0.0859375
0 0.5328125 0.9085937500000001 0.10625000000000001 0.0734375
0 0.6312500000000001 0.8640625000000001 0.03125 0.03125
0 0.5609375 0.7359375 0.025 0.018750000000000003
