3 0.33515625000000004 0.42031250000000003 0.13593750000000002 0.134375
3 0.49531250000000004 0.3875 0.11875000000000001 0.109375
3 0.40859375000000003 0.52890625 0.0421875 0.060937500000000006
3 0.56796875 0.5281250000000001 0.0734375 0.059375000000000004
3 0.6023437500000001 0.60703125 0.051562500000000004 0.0484375
3 0.48046875 0.74609375 0.045312500000000006 0.035937500000000004
3 0.52265625 0.7054687500000001 0.035937500000000004 0.0421875
3 0.56953125 0.7359375 0.0578125 0.07187500000000001
3 0.40859375000000003 0.6531250000000001 0.060937500000000006 0.07187500000000001
3 0.3921875 0.59375 0.09062500000000001 0.08750000000000001
3 0.45703125 0.49609375 0.0578125 0.045312500000000006
