0 0.534375 0.8408333333333334 0.03375 0.045000000000000005
0 0.47375 0.8450000000000001 0.0975 0.15000000000000002
0 0.25 0.5900000000000001 0.10250000000000001 0.14
0 0.139375 0.5808333333333334 0.02625 0.03833333333333334
0 0.1575 0.5141666666666667 0.0225 0.021666666666666667
0 0.495 0.20750000000000002 0.1925 0.21500000000000002
0 0.570625 0.41750000000000004 0.03375 0.058333333333333334
0 0.541875 0.445 0.01875 0.04
0 0.509375 0.5008333333333334 0.03125 0.04833333333333334
0 0.465 0.555 0.0175 0.04
0 0.545 0.6716666666666667 0.03 0.07333333333333333
0 0.65 0.5691666666666667 0.0925 0.10166666666666667
0 0.579375 0.5766666666666667 0.04625 0.060000000000000005
0 0.589375 0.51 0.043750000000000004 0.06333333333333334
