0 0.6570312500000001 0.3484375 0.2234375 0.184375
0 0.69921875 0.44453125000000004 0.1453125 0.1171875
0 0.6039062500000001 0.50234375 0.0546875 0.0484375
0 0.63984375 0.5546875 0.051562500000000004 0.046875
0 0.5710937500000001 0.55234375 0.0328125 0.029687500000000002
0 0.596875 0.24453125 0.043750000000000004 0.045312500000000006
0 0.50703125 0.37734375000000003 0.035937500000000004 0.035937500000000004
0 0.41015625 0.5750000000000001 0.060937500000000006 0.05
0 0.27578125000000003 0.74375 0.051562500000000004 0.053125000000000006
0 0.22109375 0.68671875 0.0484375 0.0421875
0 0.32890625 0.6328125 0.029687500000000002 0.028125
0 0.49296875 0.540625 0.0328125 0.025
0 0.49609375 0.60859375 0.0546875 0.051562500000000004
0 0.43671875000000004 0.60703125 0.0421875 0.0390625
0 0.47968750000000004 0.69296875 0.259375 0.18281250000000002
0 0.4453125 0.6421875 0.059375000000000004 0.053125000000000006
0 0.44843750000000004 0.8054687500000001 0.034375 0.029687500000000002
