0 0.465625 0.7925000000000001 0.03125 0.045000000000000005
0 0.515625 0.8075000000000001 0.10125 0.14500000000000002
0 0.474375 0.645 0.03375 0.07333333333333333
0 0.578125 0.26083333333333336 0.18625 0.22166666666666668
0 0.4175 0.37583333333333335 0.0925 0.11833333333333335
0 0.36125 0.47250000000000003 0.075 0.085
0 0.439375 0.53 0.08875 0.10666666666666667
0 0.74125 0.6416666666666667 0.10250000000000001 0.1366666666666667
0 0.8325 0.6566666666666667 0.0275 0.03333333333333333
0 0.826875 0.5958333333333333 0.02375 0.028333333333333335
