0 0.44140625 0.5375 0.0859375 0.07500000000000001
0 0.225 0.49609375 0.034375 0.035937500000000004
0 0.70703125 0.40703125 0.1203125 0.0734375
0 0.47265625 0.40390625 0.0421875 0.035937500000000004
0 0.9421875000000001 0.39921875 0.115625 0.1296875
0 0.89609375 0.47500000000000003 0.0734375 0.06875
0 0.78125 0.4859375 0.10312500000000001 0.115625
0 0.915625 0.56484375 0.065625 0.0734375
0 0.8609375 0.60859375 0.07500000000000001 0.0390625
0 0.8734375000000001 0.7015625000000001 0.034375 0.037500000000000006
0 0.79609375 0.6820312500000001 0.0234375 0.0234375
0 0.75546875 0.6234375000000001 0.0890625 0.0625
