0 0.550625 0.22666666666666668 0.03125 0.04666666666666667
0 0.495 0.21833333333333335 0.10250000000000001 0.14666666666666667
0 0.55375 0.38583333333333336 0.03 0.07833333333333334
0 0.478125 0.8183333333333334 0.19125 0.22
0 0.64 0.6691666666666667 0.0925 0.11833333333333335
0 0.6925 0.555 0.0775 0.08333333333333334
0 0.601875 0.5058333333333334 0.09125 0.10500000000000001
0 0.26625 0.4341666666666667 0.10250000000000001 0.13833333333333334
0 0.16625 0.43250000000000005 0.0275 0.035
0 0.1775 0.49750000000000005 0.025 0.028333333333333335
