0 0.375 0.628125 0.06875 0.065625
0 0.41250000000000003 0.73203125 0.14375000000000002 0.1921875
0 0.50234375 0.8093750000000001 0.1328125 0.184375
0 0.56484375 0.57578125 0.0671875 0.051562500000000004
0 0.3984375 0.36484375 0.2 0.22031250000000002
0 0.5007812500000001 0.27578125000000003 0.0421875 0.029687500000000002
0 0.3953125 0.2265625 0.053125000000000006 0.040625
0 0.465625 0.18046875 0.09062500000000001 0.0921875
0 0.6203125 0.390625 0.06875 0.05625
0 0.6046875 0.2484375 0.17500000000000002 0.178125
0 0.54296875 0.384375 0.0890625 0.06875
