0 0.8718750000000001 0.5789062500000001 0.053125000000000006 0.0390625
0 0.82578125 0.55 0.0484375 0.05625
0 0.78671875 0.52578125 0.0421875 0.045312500000000006
0 0.72421875 0.5078125 0.0578125 0.053125000000000006
0 0.6570312500000001 0.45937500000000003 0.11093750000000001 0.065625
0 0.5906250000000001 0.390625 0.046875 0.05625
0 0.7468750000000001 0.4546875 0.046875 0.043750000000000004
0 0.59765625 0.31171875000000004 0.0578125 0.11093750000000001
0 0.40859375000000003 0.38125000000000003 0.2484375 0.12812500000000002
0 0.36250000000000004 0.25390625 0.25 0.16718750000000002
0 0.384375 0.603125 0.07187500000000001 0.1125
0 0.29296875 0.6820312500000001 0.0328125 0.0328125
0 0.36171875000000003 0.50625 0.045312500000000006 0.03125
0 0.57265625 0.69453125 0.3046875 0.2921875
