0 0.49875 0.19416666666666668 0.1225 0.18166666666666667
0 0.241875 0.4391666666666667 0.23875000000000002 0.34500000000000003
0 0.319375 0.25833333333333336 0.03625 0.04666666666666667
0 0.38625 0.5416666666666667 0.0975 0.13
0 0.44875 0.505 0.0575 0.08
0 0.45437500000000003 0.5791666666666667 0.04875 0.06833333333333334
0 0.4875 0.6616666666666667 0.0425 0.07333333333333333
0 0.514375 0.6266666666666667 0.02125 0.03666666666666667
0 0.5325 0.5616666666666666 0.04 0.05
0 0.54875 0.4708333333333334 0.0625 0.11166666666666668
0 0.766875 0.37083333333333335 0.12125 0.165
0 0.8768750000000001 0.3425 0.03125 0.04166666666666667
0 0.87 0.4116666666666667 0.025 0.02666666666666667
0 0.6 0.8233333333333334 0.2225 0.26666666666666666
0 0.439375 0.21916666666666668 0.04875 0.09166666666666667
