3 0.49609375 0.78125 0.1203125 0.07187500000000001
3 0.37421875000000004 0.76328125 0.1171875 0.09843750000000001
3 0.46796875000000004 0.69296875 0.029687500000000002 0.029687500000000002
3 0.57578125 0.56171875 0.0421875 0.08281250000000001
3 0.62265625 0.62109375 0.0421875 0.07968750000000001
3 0.64765625 0.56171875 0.026562500000000003 0.0390625
3 0.6429687500000001 0.5007812500000001 0.026562500000000003 0.029687500000000002
3 0.596875 0.6828125 0.034375 0.053125000000000006
3 0.45546875000000003 0.54140625 0.18281250000000002 0.2546875
3 0.59765625 0.80625 0.035937500000000004 0.034375
