3 0.57421875 0.2234375 0.1390625 0.078125
3 0.7156250000000001 0.2546875 0.13125 0.109375
3 0.6000000000000001 0.328125 0.034375 0.034375
3 0.46406250000000004 0.47265625 0.043750000000000004 0.09531250000000001
3 0.4140625 0.4 0.046875 0.09062500000000001
3 0.38046875 0.46718750000000003 0.029687500000000002 0.043750000000000004
3 0.38046875 0.53828125 0.029687500000000002 0.0328125
3 0.44843750000000004 0.33046875000000003 0.037500000000000006 0.060937500000000006
3 0.6023437500000001 0.50546875 0.2015625 0.2890625
3 0.4578125 0.18671875000000002 0.040625 0.035937500000000004
