0 0.56125 0.8408333333333334 0.0975 0.15833333333333335
0 0.2425 0.7066666666666667 0.1925 0.30000000000000004
0 0.365 0.8541666666666667 0.03 0.03833333333333334
0 0.36312500000000003 0.54 0.08125 0.11
0 0.435 0.5491666666666667 0.0475 0.06833333333333334
0 0.4225 0.47250000000000003 0.04 0.058333333333333334
0 0.435625 0.375 0.03125 0.06666666666666667
0 0.47125 0.3983333333333334 0.015 0.03333333333333333
0 0.505 0.45583333333333337 0.035 0.04166666666666667
0 0.544375 0.54 0.043750000000000004 0.10666666666666667
0 0.788125 0.545 0.10125 0.14
0 0.905625 0.5258333333333334 0.02625 0.035
0 0.881875 0.46 0.02375 0.02
0 0.50875 0.1625 0.195 0.21166666666666667
0 0.49562500000000004 0.8416666666666667 0.03125 0.09000000000000001
