0 0.6882812500000001 0.7140625 0.2546875 0.203125
0 0.73046875 0.6000000000000001 0.1640625 0.12812500000000002
0 0.6171875 0.54140625 0.0625 0.0546875
0 0.6546875000000001 0.47734375 0.059375000000000004 0.051562500000000004
0 0.57578125 0.48515625 0.035937500000000004 0.0328125
0 0.6265625 0.8375 0.046875 0.05
0 0.5140625 0.690625 0.040625 0.040625
0 0.38906250000000003 0.4703125 0.06875 0.053125000000000006
0 0.225 0.28515625 0.05625 0.060937500000000006
0 0.16562500000000002 0.35468750000000004 0.05625 0.046875
0 0.29375 0.40859375000000003 0.034375 0.0328125
0 0.48750000000000004 0.5046875000000001 0.037500000000000006 0.028125
0 0.48671875000000003 0.42500000000000004 0.060937500000000006 0.059375000000000004
0 0.41875 0.43125 0.046875 0.043750000000000004
0 0.4625 0.3296875 0.30000000000000004 0.19687500000000002
0 0.42578125 0.390625 0.0671875 0.059375000000000004
0 0.41796875 0.20390625 0.0390625 0.0328125
