0 0.7421875 0.6296875000000001 0.043750000000000004 0.03125
0 0.67890625 0.46328125000000003 0.0703125 0.0765625
0 0.565625 0.4546875 0.059375000000000004 0.065625
0 0.33359375 0.30390625000000004 0.09531250000000001 0.0890625
0 0.40703125 0.4765625 0.0328125 0.028125
0 0.41640625000000003 0.56640625 0.045312500000000006 0.0671875
0 0.36171875000000003 0.6898437500000001 0.15781250000000002 0.2328125
0 0.55390625 0.8296875 0.0328125 0.059375000000000004
0 0.64453125 0.83125 0.029687500000000002 0.03125
0 0.7046875 0.91953125 0.03125 0.0421875
0 0.6882812500000001 0.8132812500000001 0.0234375 0.0234375
0 0.6234375000000001 0.7328125000000001 0.09062500000000001 0.09375
