0 0.665625 0.246875 0.1125 0.1
0 0.58125 0.39453125 0.225 0.2234375
0 0.48515625 0.296875 0.08281250000000001 0.08125
0 0.3125 0.47890625000000003 0.06875 0.0765625
0 0.28984375 0.42734375 0.0421875 0.0484375
0 0.384375 0.55625 0.03125 0.03125
0 0.42734375 0.59296875 0.029687500000000002 0.035937500000000004
0 0.31093750000000003 0.6625000000000001 0.07187500000000001 0.06875
0 0.19296875000000002 0.6203125 0.045312500000000006 0.043750000000000004
0 0.6351562500000001 0.7468750000000001 0.0671875 0.05625
0 0.5945312500000001 0.7375 0.1078125 0.10625000000000001
0 0.6828125 0.8148437500000001 0.03125 0.0328125
0 0.63828125 0.84375 0.0390625 0.040625
