0 0.6039062500000001 0.61640625 0.0703125 0.060937500000000006
0 0.6109375 0.6781250000000001 0.040625 0.040625
0 0.6171875 0.78828125 0.05625 0.08281250000000001
0 0.4421875 0.64453125 0.040625 0.0578125
0 0.43046875 0.5750000000000001 0.051562500000000004 0.05
0 0.46328125000000003 0.55625 0.0421875 0.07500000000000001
0 0.58515625 0.515625 0.0734375 0.05
0 0.49531250000000004 0.42421875000000003 0.05 0.060937500000000006
0 0.63671875 0.21640625000000002 0.051562500000000004 0.0546875
0 0.47265625 0.12187500000000001 0.0328125 0.040625
0 0.6109375 0.41015625 0.10312500000000001 0.1203125
