0 0.95625 0.5281250000000001 0.046875 0.1
0 0.56015625 0.5546875 0.1234375 0.14375000000000002
0 0.44296875 0.59375 0.1078125 0.12812500000000002
0 0.37109375 0.49062500000000003 0.0921875 0.14375000000000002
0 0.19843750000000002 0.38984375000000004 0.1125 0.0890625
0 0.34453125 0.36015625 0.1046875 0.1015625
0 0.284375 0.403125 0.028125 0.037500000000000006
0 0.28359375000000003 0.47421875 0.035937500000000004 0.026562500000000003
0 0.2671875 0.22968750000000002 0.043750000000000004 0.0625
0 0.46015625000000004 0.31171875000000004 0.0390625 0.0546875
0 0.43203125000000003 0.36796875 0.0234375 0.0421875
0 0.49296875 0.4578125 0.0328125 0.040625
0 0.5734375 0.9171875 0.046875 0.05625
0 0.8445312500000001 0.43281250000000004 0.0578125 0.05625
0 0.4140625 0.0734375 0.040625 0.03125
0 0.43359375 0.25234375000000003 0.0234375 0.0234375
0 0.15078125 0.17734375000000002 0.026562500000000003 0.035937500000000004
0 0.22265625 0.21640625000000002 0.0234375 0.0234375
0 0.7429687500000001 0.14609375 0.0234375 0.0234375
0 0.55234375 0.28046875 0.0171875 0.0203125
0 0.50625 0.22421875000000002 0.025 0.026562500000000003
