0 0.4734375 0.1796875 0.046875 0.034375
0 0.50390625 0.3328125 0.0578125 0.043750000000000004
0 0.521875 0.38515625000000003 0.084375 0.0546875
0 0.54296875 0.4625 0.0390625 0.034375
0 0.4453125 0.4390625 0.15937500000000002 0.09062500000000001
0 0.37031250000000004 0.54140625 0.065625 0.0484375
0 0.7625000000000001 0.25234375000000003 0.03125 0.026562500000000003
0 0.7117187500000001 0.2515625 0.0234375 0.028125
0 0.7117187500000001 0.33515625000000004 0.060937500000000006 0.045312500000000006
0 0.74140625 0.36562500000000003 0.0890625 0.09062500000000001
0 0.69921875 0.7156250000000001 0.07968750000000001 0.146875
0 0.36328125 0.7507812500000001 0.2015625 0.20468750000000002
0 0.49140625000000004 0.7609375 0.035937500000000004 0.03125
0 0.5859375 0.65234375 0.03125 0.0328125
0 0.59765625 0.784375 0.06406250000000001 0.046875
0 0.39921875 0.28671875 0.0578125 0.035937500000000004
0 0.39687500000000003 0.21328125 0.028125 0.0234375
