3 0.33984375 0.4109375 0.1421875 0.1375
3 0.5015625 0.38593750000000004 0.12187500000000001 0.115625
3 0.40859375000000003 0.5234375 0.045312500000000006 0.0625
3 0.56796875 0.53046875 0.0765625 0.060937500000000006
3 0.5984375000000001 0.6101562500000001 0.053125000000000006 0.051562500000000004
3 0.4703125 0.7445312500000001 0.046875 0.0390625
3 0.5125000000000001 0.7054687500000001 0.037500000000000006 0.0421875
3 0.5593750000000001 0.73828125 0.059375000000000004 0.0734375
3 0.40156250000000004 0.64765625 0.0625 0.0734375
3 0.38906250000000003 0.5875 0.09375 0.09062500000000001
3 0.4578125 0.49296875 0.059375000000000004 0.0484375
