0 0.49765625 0.7453125 0.13593750000000002 0.15000000000000002
0 0.61484375 0.62109375 0.1484375 0.1453125
0 0.61640625 0.7078125000000001 0.0328125 0.037500000000000006
0 0.71796875 0.65625 0.0328125 0.03125
0 0.6429687500000001 0.45625000000000004 0.0671875 0.05625
0 0.54453125 0.42265625 0.0921875 0.1171875
0 0.36562500000000003 0.38906250000000003 0.059375000000000004 0.05625
0 0.35859375000000004 0.34140625 0.035937500000000004 0.0390625
0 0.36015625 0.2859375 0.051562500000000004 0.05
0 0.7171875000000001 0.40468750000000003 0.05625 0.053125000000000006
0 0.6140625000000001 0.50703125 0.037500000000000006 0.0328125
0 0.759375 0.25703125 0.25625000000000003 0.2265625
0 0.5796875 0.26796875000000003 0.034375 0.026562500000000003
0 0.846875 0.7914062500000001 0.037500000000000006 0.029687500000000002
