0 0.915625 0.6765625000000001 0.053125000000000006 0.05
0 0.85859375 0.6828125 0.045312500000000006 0.059375000000000004
0 0.8187500000000001 0.6875 0.05 0.037500000000000006
0 0.7562500000000001 0.6765625000000001 0.05 0.043750000000000004
0 0.7453125 0.7273437500000001 0.05 0.0328125
0 0.6796875 0.69140625 0.09062500000000001 0.0859375
0 0.36953125000000003 0.7296875 0.23593750000000002 0.353125
0 0.5125000000000001 0.51328125 0.0625 0.0484375
0 0.46406250000000004 0.4703125 0.03125 0.028125
0 0.3921875 0.46015625000000004 0.078125 0.09531250000000001
0 0.30000000000000004 0.3828125 0.03125 0.028125
0 0.69140625 0.48203125 0.1078125 0.060937500000000006
0 0.73984375 0.37265625 0.1328125 0.13593750000000002
0 0.6515625 0.36875 0.059375000000000004 0.07187500000000001
0 0.72421875 0.278125 0.06406250000000001 0.0625
0 0.828125 0.30390625000000004 0.09062500000000001 0.0703125
0 0.63828125 0.19375 0.2109375 0.146875
0 0.534375 0.37734375000000003 0.21250000000000002 0.2328125
