0 0.43125 0.8083333333333333 0.04 0.05333333333333334
0 0.378125 0.7766666666666667 0.12125 0.17333333333333334
0 0.265 0.4291666666666667 0.1225 0.165
0 0.171875 0.3591666666666667 0.03125 0.045000000000000005
0 0.20875 0.31083333333333335 0.025 0.028333333333333335
0 0.599375 0.23750000000000002 0.21875 0.26833333333333337
0 0.596875 0.46166666666666667 0.043750000000000004 0.06666666666666667
0 0.56375 0.4683333333333334 0.025 0.043333333333333335
0 0.5181250000000001 0.4991666666666667 0.03875 0.055
0 0.4625 0.52 0.025 0.043333333333333335
0 0.495 0.6675000000000001 0.045 0.07833333333333334
0 0.61875 0.6383333333333334 0.105 0.13
0 0.55375 0.6041666666666667 0.055 0.07166666666666667
0 0.58375 0.5525 0.0525 0.07166666666666667
