0 0.9171875 0.39375000000000004 0.08750000000000001 0.07187500000000001
0 0.7468750000000001 0.37421875000000004 0.14375000000000002 0.1078125
0 0.78125 0.31328125 0.059375000000000004 0.0546875
0 0.25546875 0.27421875 0.0546875 0.051562500000000004
0 0.34921875 0.48125 0.1015625 0.08750000000000001
0 0.3046875 0.690625 0.07187500000000001 0.07187500000000001
0 0.6179687500000001 0.5320312500000001 0.0671875 0.0671875
0 0.8015625000000001 0.5984375000000001 0.134375 0.09062500000000001
0 0.56796875 0.7046875 0.06406250000000001 0.040625
0 0.23828125 0.534375 0.0484375 0.043750000000000004
