0 0.50375 0.6033333333333334 0.055 0.07
0 0.39 0.7608333333333334 0.02 0.03166666666666667
0 0.660625 0.6291666666666667 0.06125 0.085
0 0.753125 0.37333333333333335 0.12125 0.16
0 0.854375 0.3466666666666667 0.03625 0.04
0 0.853125 0.4133333333333334 0.02625 0.03333333333333333
0 0.613125 0.2991666666666667 0.09625 0.165
0 0.468125 0.36000000000000004 0.03875 0.08
0 0.455625 0.4441666666666667 0.10875 0.19166666666666668
0 0.448125 0.2016666666666667 0.03875 0.05333333333333334
0 0.501875 0.17666666666666667 0.11625 0.16333333333333333
