3 0.628125 0.5796875 0.08125 0.084375
3 0.665625 0.6328125 0.06875 0.06875
3 0.73984375 0.503125 0.2015625 0.178125
3 0.45078125 0.55859375 0.08281250000000001 0.07968750000000001
3 0.3796875 0.48515625 0.10312500000000001 0.0921875
3 0.44765625000000003 0.42812500000000003 0.0859375 0.078125
3 0.56875 0.44375000000000003 0.06875 0.0625
3 0.5140625 0.421875 0.046875 0.043750000000000004
3 0.40937500000000004 0.80078125 0.078125 0.0734375
3 0.49531250000000004 0.696875 0.09062500000000001 0.084375
