3 0.4109375 0.540625 0.0625 0.06875
3 0.36328125 0.5765625 0.0546875 0.053125000000000006
3 0.33671875 0.4390625 0.17343750000000002 0.12812500000000002
3 0.57578125 0.5765625 0.0671875 0.059375000000000004
3 0.6609375000000001 0.5328125 0.08750000000000001 0.06875
3 0.6179687500000001 0.4625 0.0734375 0.059375000000000004
3 0.50625 0.43828125 0.059375000000000004 0.045312500000000006
3 0.5609375 0.43593750000000003 0.037500000000000006 0.034375
3 0.5375 0.80390625 0.065625 0.0546875
3 0.49375 0.6859375000000001 0.07500000000000001 0.0625
