0 0.63984375 0.2234375 0.2921875 0.25
0 0.5765625 0.53828125 0.053125000000000006 0.0484375
0 0.57734375 0.66171875 0.09843750000000001 0.11093750000000001
0 0.67734375 0.6140625000000001 0.051562500000000004 0.053125000000000006
0 0.8234375 0.65625 0.12812500000000002 0.15000000000000002
0 0.7562500000000001 0.5789062500000001 0.046875 0.0421875
0 0.6796875 0.72421875 0.025 0.029687500000000002
0 0.38984375000000004 0.6078125000000001 0.0328125 0.037500000000000006
0 0.26796875000000003 0.5171875 0.0328125 0.03125
0 0.3015625 0.37421875000000004 0.13125 0.1171875
