0 0.728125 0.64375 0.14375000000000002 0.15937500000000002
0 0.546875 0.6640625 0.15937500000000002 0.153125
0 0.6203125 0.7195312500000001 0.034375 0.0390625
0 0.5109375 0.7734375 0.034375 0.034375
0 0.38984375000000004 0.5828125000000001 0.0703125 0.059375000000000004
0 0.42421875000000003 0.47734375 0.09843750000000001 0.1234375
0 0.509375 0.3046875 0.0625 0.059375000000000004
0 0.47421875 0.26796875000000003 0.0390625 0.0421875
0 0.42500000000000004 0.2328125 0.053125000000000006 0.053125000000000006
0 0.2984375 0.6125 0.059375000000000004 0.05625
0 0.45078125 0.58984375 0.0390625 0.035937500000000004
0 0.146875 0.55390625 0.27187500000000003 0.2421875
0 0.27109375 0.4078125 0.035937500000000004 0.028125
0 0.54296875 0.9695312500000001 0.0390625 0.0328125
