0 0.21250000000000002 0.70625 0.10625000000000001 0.07500000000000001
0 0.37421875000000004 0.6000000000000001 0.1921875 0.1875
0 0.421875 0.7484375000000001 0.07187500000000001 0.065625
0 0.690625 0.65234375 0.053125000000000006 0.0703125
0 0.6875 0.71640625 0.03125 0.045312500000000006
0 0.6585937500000001 0.53671875 0.026562500000000003 0.026562500000000003
0 0.6328125 0.478125 0.021875000000000002 0.034375
0 0.78671875 0.46640625 0.06406250000000001 0.0546875
0 0.884375 0.5703125 0.040625 0.034375
0 0.5015625 0.21484375 0.065625 0.0390625
0 0.5375 0.24531250000000002 0.09375 0.08750000000000001
0 0.48750000000000004 0.12109375 0.025 0.029687500000000002
0 0.546875 0.11484375000000001 0.03125 0.035937500000000004
