0 0.022656250000000003 0.5328125 0.0421875 0.10625000000000001
0 0.45625000000000004 0.46796875000000004 0.125 0.1484375
0 0.58125 0.41484375 0.109375 0.1328125
0 0.66953125 0.52109375 0.0890625 0.15156250000000002
0 0.8679687500000001 0.61640625 0.1171875 0.0890625
0 0.71015625 0.6625000000000001 0.1078125 0.10312500000000001
0 0.7734375 0.6101562500000001 0.028125 0.0390625
0 0.7671875 0.5320312500000001 0.037500000000000006 0.026562500000000003
0 0.8070312500000001 0.8 0.0421875 0.065625
0 0.58828125 0.7265625 0.0390625 0.05625
0 0.6140625000000001 0.66171875 0.021875000000000002 0.045312500000000006
0 0.53828125 0.56796875 0.0328125 0.0421875
0 0.40937500000000004 0.0703125 0.046875 0.059375000000000004
0 0.15390625000000002 0.6273437500000001 0.060937500000000006 0.0578125
0 0.66015625 0.984375 0.0421875 0.03125
0 0.62265625 0.7898437500000001 0.0234375 0.0234375
0 0.9398437500000001 0.846875 0.026562500000000003 0.037500000000000006
0 0.85703125 0.81015625 0.0234375 0.0234375
0 0.29140625000000003 0.9343750000000001 0.0234375 0.025
0 0.4890625 0.76875 0.018750000000000003 0.021875000000000002
0 0.5453125 0.8265625000000001 0.025 0.028125
