0 0.19453125000000002 0.73828125 0.045312500000000006 0.0421875
0 0.24765625000000002 0.7328125000000001 0.035937500000000004 0.053125000000000006
0 0.28515625 0.7296875 0.0421875 0.03125
0 0.340625 0.7078125000000001 0.043750000000000004 0.037500000000000006
0 0.359375 0.7515625 0.043750000000000004 0.025
0 0.41250000000000003 0.70625 0.078125 0.07187500000000001
0 0.7015625000000001 0.68125 0.1875 0.3125
0 0.5296875 0.5125000000000001 0.053125000000000006 0.040625
0 0.56640625 0.46406250000000004 0.026562500000000003 0.025
0 0.62890625 0.44140625 0.06406250000000001 0.08281250000000001
0 0.69921875 0.35234375 0.026562500000000003 0.0234375
0 0.3609375 0.51796875 0.096875 0.045312500000000006
0 0.29609375 0.42812500000000003 0.11093750000000001 0.115625
0 0.37578125 0.40703125 0.0484375 0.06406250000000001
0 0.29296875 0.33906250000000004 0.0546875 0.053125000000000006
0 0.20234375000000002 0.3828125 0.07968750000000001 0.05625
0 0.35390625000000003 0.24609375 0.1859375 0.1171875
0 0.48359375000000004 0.39296875000000003 0.1765625 0.2015625
