0 0.71796875 0.73203125 0.1171875 0.2546875
0 0.6804687500000001 0.85703125 0.045312500000000006 0.060937500000000006
0 0.5953125 0.81640625 0.134375 0.1078125
0 0.5554687500000001 0.7546875000000001 0.029687500000000002 0.03125
0 0.32578125 0.6273437500000001 0.0890625 0.1078125
0 0.29140625000000003 0.4734375 0.1390625 0.12187500000000001
0 0.18984375 0.49453125000000003 0.051562500000000004 0.0703125
0 0.25703125 0.55703125 0.029687500000000002 0.0421875
0 0.49531250000000004 0.45546875000000003 0.028125 0.0390625
0 0.6117187500000001 0.50546875 0.1640625 0.1390625
0 0.71640625 0.5750000000000001 0.045312500000000006 0.040625
0 0.571875 0.40156250000000004 0.140625 0.10625000000000001
0 0.52578125 0.33984375 0.0703125 0.0578125
0 0.72578125 0.2984375 0.0890625 0.07187500000000001
0 0.7171875000000001 0.3453125 0.03125 0.028125
