0 0.8390625 0.45234375000000004 0.046875 0.045312500000000006
0 0.796875 0.47734375 0.053125000000000006 0.060937500000000006
0 0.76328125 0.5046875000000001 0.0390625 0.043750000000000004
0 0.7015625000000001 0.52734375 0.053125000000000006 0.0546875
0 0.7312500000000001 0.5710937500000001 0.046875 0.0484375
0 0.6484375 0.571875 0.10625000000000001 0.07500000000000001
0 0.5140625 0.5164062500000001 0.0625 0.051562500000000004
0 0.46640625 0.47421875 0.0328125 0.026562500000000003
0 0.39765625000000004 0.4625 0.0703125 0.09375
0 0.30625 0.390625 0.034375 0.034375
0 0.38046875 0.54296875 0.0390625 0.0328125
0 0.5859375 0.6335937500000001 0.040625 0.045312500000000006
0 0.59921875 0.70625 0.060937500000000006 0.1125
0 0.43593750000000003 0.6570312500000001 0.21875 0.1296875
0 0.38984375000000004 0.775 0.22968750000000002 0.15937500000000002
