0 0.4675 0.4816666666666667 0.0575 0.07333333333333333
0 0.305625 0.47500000000000003 0.02125 0.03333333333333333
0 0.5650000000000001 0.3191666666666667 0.065 0.08833333333333333
0 0.7625000000000001 0.4133333333333334 0.125 0.16666666666666669
0 0.848125 0.34 0.03625 0.043333333333333335
0 0.81125 0.2941666666666667 0.0275 0.035
0 0.70125 0.5958333333333333 0.105 0.165
0 0.568125 0.6866666666666668 0.043750000000000004 0.08
0 0.515 0.6383333333333334 0.11750000000000001 0.19
0 0.635625 0.8166666666666668 0.04125 0.05666666666666667
0 0.685625 0.7841666666666667 0.12125 0.16833333333333333
