0 0.56875 0.1703125 0.05 0.037500000000000006
0 0.5398437500000001 0.32734375000000004 0.060937500000000006 0.045312500000000006
0 0.521875 0.38203125000000004 0.08750000000000001 0.0578125
0 0.5007812500000001 0.46171875 0.0421875 0.035937500000000004
0 0.6015625 0.43593750000000003 0.1625 0.09375
0 0.6796875 0.5398437500000001 0.06875 0.0484375
0 0.2734375 0.24921875000000002 0.034375 0.026562500000000003
0 0.325 0.24609375 0.025 0.029687500000000002
0 0.32656250000000003 0.3328125 0.0625 0.046875
0 0.29609375 0.3640625 0.0921875 0.09375
0 0.34375 0.72265625 0.084375 0.15156250000000002
0 0.6890625 0.75546875 0.209375 0.2109375
0 0.5578125 0.7671875 0.037500000000000006 0.03125
0 0.45937500000000003 0.6570312500000001 0.03125 0.0328125
0 0.44843750000000004 0.7921875 0.065625 0.05
0 0.6468750000000001 0.27890625 0.059375000000000004 0.0390625
0 0.6468750000000001 0.203125 0.028125 0.025
