3 0.25546875 0.8125 0.07968750000000001 0.065625
3 0.43515625 0.7046875 0.0484375 0.05
3 0.47890625000000003 0.72578125 0.045312500000000006 0.0484375
3 0.56875 0.68359375 0.053125000000000006 0.08281250000000001
3 0.6429687500000001 0.54609375 0.1421875 0.11406250000000001
3 0.68671875 0.6312500000000001 0.09843750000000001 0.1
3 0.30078125 0.49765625 0.08281250000000001 0.0546875
3 0.34218750000000003 0.446875 0.059375000000000004 0.053125000000000006
3 0.41796875 0.45078125 0.08281250000000001 0.11093750000000001
3 0.203125 0.53359375 0.078125 0.07968750000000001
3 0.31015625 0.6468750000000001 0.0734375 0.07500000000000001
