3 0.56796875 0.8171875000000001 0.13593750000000002 0.07500000000000001
3 0.70625 0.7890625 0.12812500000000002 0.10625000000000001
3 0.5953125 0.71484375 0.034375 0.0328125
3 0.46484375 0.5703125 0.0421875 0.09375
3 0.41328125000000004 0.6414062500000001 0.045312500000000006 0.0890625
3 0.38203125000000004 0.5750000000000001 0.029687500000000002 0.043750000000000004
3 0.38359375 0.5046875000000001 0.029687500000000002 0.03125
3 0.44609375 0.71015625 0.035937500000000004 0.060937500000000006
3 0.60078125 0.5398437500000001 0.1953125 0.2828125
3 0.453125 0.85078125 0.040625 0.035937500000000004
