3 0.66953125 0.7390625000000001 0.07968750000000001 0.115625
3 0.52734375 0.6578125 0.1859375 0.15937500000000002
3 0.77265625 0.48750000000000004 0.029687500000000002 0.037500000000000006
3 0.7359375 0.5453125 0.053125000000000006 0.05
3 0.7000000000000001 0.50390625 0.037500000000000006 0.035937500000000004
3 0.6820312500000001 0.46015625000000004 0.0328125 0.0390625
3 0.62890625 0.47109375000000003 0.0390625 0.0390625
3 0.625 0.36953125000000003 0.040625 0.0328125
3 0.5476562500000001 0.5234375 0.09531250000000001 0.109375
3 0.47187500000000004 0.43125 0.10312500000000001 0.096875
