0 0.703125 0.28125 0.353125 0.3125
0 0.434375 0.5281250000000001 0.109375 0.11875000000000001
0 0.5171875 0.5007812500000001 0.028125 0.0234375
0 0.625 0.41250000000000003 0.040625 0.034375
0 0.50390625 0.46640625 0.026562500000000003 0.0328125
0 0.35703125 0.384375 0.051562500000000004 0.06875
0 0.63046875 0.5007812500000001 0.0578125 0.0859375
0 0.66953125 0.45390625 0.0484375 0.0390625
0 0.696875 0.52734375 0.05625 0.0484375
0 0.69296875 0.5875 0.1171875 0.08125
0 0.58984375 0.6265625 0.1015625 0.096875
0 0.6953125 0.6578125 0.134375 0.09375
0 0.534375 0.55078125 0.03125 0.035937500000000004
