0 0.48875 0.5950000000000001 0.0475 0.05666666666666667
0 0.348125 0.7058333333333334 0.01625 0.028333333333333335
0 0.63375 0.6758333333333334 0.05 0.07166666666666667
0 0.77375 0.4633333333333334 0.1 0.13333333333333333
0 0.875625 0.4733333333333334 0.03125 0.030000000000000002
0 0.8612500000000001 0.5366666666666667 0.0225 0.02666666666666667
0 0.65375 0.3425 0.07 0.14833333333333334
0 0.503125 0.3491666666666667 0.02625 0.07500000000000001
0 0.47375 0.42500000000000004 0.0775 0.17333333333333334
0 0.515 0.19 0.0325 0.043333333333333335
0 0.571875 0.18583333333333335 0.09375 0.13833333333333334
