0 0.26953125 0.46171875 0.0484375 0.0421875
0 0.43515625 0.36796875 0.0890625 0.0921875
0 0.53359375 0.4375 0.0734375 0.078125
0 0.8265625000000001 0.47187500000000004 0.115625 0.109375
0 0.64765625 0.5632812500000001 0.0390625 0.035937500000000004
0 0.5796875 0.6312500000000001 0.0625 0.07500000000000001
0 0.54140625 0.76953125 0.22031250000000002 0.2609375
0 0.28828125 0.753125 0.0484375 0.0625
0 0.21328125 0.6937500000000001 0.035937500000000004 0.037500000000000006
0 0.10390625 0.7250000000000001 0.0421875 0.046875
0 0.18906250000000002 0.6484375 0.028125 0.028125
0 0.296875 0.6257812500000001 0.1125 0.11406250000000001
