0 0.465625 0.46718750000000003 0.09375 0.08750000000000001
0 0.27109375 0.3828125 0.0390625 0.040625
0 0.6062500000000001 0.7132812500000001 0.12187500000000001 0.09843750000000001
0 0.41875 0.5906250000000001 0.046875 0.043750000000000004
0 0.79296875 0.8484375000000001 0.1390625 0.14375000000000002
0 0.7937500000000001 0.76171875 0.08125 0.07968750000000001
0 0.70859375 0.69140625 0.1203125 0.1265625
0 0.8578125000000001 0.70078125 0.078125 0.08281250000000001
0 0.8382812500000001 0.63671875 0.0734375 0.0546875
0 0.89765625 0.56875 0.0390625 0.040625
0 0.82578125 0.54296875 0.026562500000000003 0.026562500000000003
0 0.76171875 0.56796875 0.0921875 0.07968750000000001
