0 0.17734375000000002 0.4296875 0.0578125 0.046875
0 0.2328125 0.421875 0.05625 0.0625
0 0.27734375 0.41640625000000003 0.0484375 0.051562500000000004
0 0.34375 0.4265625 0.065625 0.0625
0 0.42500000000000004 0.40937500000000004 0.11875000000000001 0.084375
0 0.5140625 0.37343750000000003 0.05625 0.0625
0 0.34453125 0.3671875 0.051562500000000004 0.05
0 0.5398437500000001 0.29765625 0.0765625 0.1171875
0 0.6859375000000001 0.43984375000000003 0.259375 0.16718750000000002
0 0.78125 0.34140625 0.26875 0.2078125
0 0.6179687500000001 0.65390625 0.0890625 0.1203125
0 0.6687500000000001 0.7640625000000001 0.037500000000000006 0.037500000000000006
0 0.67734375 0.57421875 0.0484375 0.0390625
0 0.40625 0.6609375000000001 0.34375 0.33437500000000003
