0 0.73359375 0.53515625 0.11093750000000001 0.0890625
0 0.6421875 0.48984375 0.06875 0.0734375
0 0.7203125 0.40937500000000004 0.15937500000000002 0.178125
0 0.6515625 0.34140625 0.034375 0.045312500000000006
0 0.7757812500000001 0.31484375000000003 0.0484375 0.051562500000000004
0 0.71640625 0.2765625 0.07968750000000001 0.09062500000000001
0 0.40703125 0.39375000000000004 0.2859375 0.34375
0 0.48671875000000003 0.74375 0.0921875 0.13125
0 0.51953125 0.665625 0.045312500000000006 0.046875
0 0.61484375 0.63984375 0.1234375 0.1015625
0 0.6960937500000001 0.68671875 0.0546875 0.0546875
0 0.6984375 0.634375 0.05625 0.053125000000000006
0 0.7679687500000001 0.6492187500000001 0.051562500000000004 0.0484375
0 0.8132812500000001 0.64453125 0.0578125 0.060937500000000006
0 0.8656250000000001 0.63984375 0.059375000000000004 0.0578125
0 0.36015625 0.6015625 0.24531250000000002 0.1625
0 0.253125 0.6843750000000001 0.28125 0.225
