3 0.33515625000000004 0.42109375000000004 0.13593750000000002 0.1328125
3 0.49453125000000003 0.3875 0.1171875 0.109375
3 0.40859375000000003 0.52890625 0.0421875 0.060937500000000006
3 0.56796875 0.5281250000000001 0.0734375 0.059375000000000004
3 0.6023437500000001 0.6062500000000001 0.051562500000000004 0.05
3 0.48203125 0.74609375 0.045312500000000006 0.035937500000000004
3 0.52265625 0.7054687500000001 0.035937500000000004 0.0421875
3 0.5703125 0.7351562500000001 0.05625 0.0734375
3 0.40937500000000004 0.6546875000000001 0.059375000000000004 0.07187500000000001
3 0.39375000000000004 0.5945312500000001 0.09062500000000001 0.0859375
3 0.45703125 0.49609375 0.0578125 0.045312500000000006
