0 0.6117187500000001 0.28203125 0.026562500000000003 0.026562500000000003
0 0.75390625 0.2421875 0.2390625 0.153125
0 0.478125 0.30000000000000004 0.178125 0.153125
0 0.5859375 0.32890625 0.040625 0.0390625
0 0.6421875 0.33515625000000004 0.059375000000000004 0.045312500000000006
0 0.65234375 0.37421875000000004 0.026562500000000003 0.0328125
0 0.5750000000000001 0.42812500000000003 0.05 0.05
0 0.571875 0.48281250000000003 0.034375 0.025
0 0.7914062500000001 0.37265625 0.026562500000000003 0.0328125
0 0.29453125 0.44609375 0.3296875 0.37031250000000004
0 0.4078125 0.6359375 0.08125 0.15937500000000002
0 0.58359375 0.6218750000000001 0.026562500000000003 0.021875000000000002
