0 0.11796875000000001 0.81953125 0.0890625 0.0578125
0 0.31562500000000004 0.76484375 0.15625 0.0765625
0 0.30546875 0.8484375000000001 0.0578125 0.046875
0 0.9085937500000001 0.6578125 0.0546875 0.043750000000000004
0 0.7117187500000001 0.46875 0.1015625 0.07187500000000001
0 0.66796875 0.215625 0.0671875 0.065625
0 0.38984375000000004 0.5328125 0.060937500000000006 0.0625
0 0.1546875 0.5398437500000001 0.15000000000000002 0.0578125
0 0.36796875 0.31796875 0.0734375 0.0234375
0 0.81171875 0.36015625 0.0484375 0.035937500000000004
