0 0.5750000000000001 0.46718750000000003 0.09062500000000001 0.084375
0 0.75703125 0.38046875 0.0390625 0.0390625
0 0.44921875 0.7078125000000001 0.1171875 0.096875
0 0.62421875 0.58359375 0.045312500000000006 0.0421875
0 0.2765625 0.84296875 0.134375 0.1390625
0 0.27265625 0.7601562500000001 0.07968750000000001 0.0765625
0 0.35078125000000004 0.6898437500000001 0.1171875 0.1234375
0 0.209375 0.7039062500000001 0.07500000000000001 0.07968750000000001
0 0.22578125000000002 0.6429687500000001 0.0703125 0.0546875
0 0.16640625 0.5796875 0.0390625 0.040625
0 0.234375 0.55234375 0.025 0.026562500000000003
0 0.29609375 0.57421875 0.0890625 0.0765625
