0 0.6118750000000001 0.7925000000000001 0.22125 0.305
0 0.5175 0.6766666666666667 0.04 0.08666666666666667
0 0.491875 0.5675 0.03875 0.058333333333333334
0 0.649375 0.5166666666666667 0.11875000000000001 0.12666666666666668
0 0.47125 0.8233333333333334 0.035 0.05333333333333334
0 0.41500000000000004 0.81 0.105 0.15666666666666668
0 0.255625 0.49250000000000005 0.11375 0.155
0 0.150625 0.4475 0.03625 0.04833333333333334
0 0.18375 0.3916666666666667 0.0225 0.02666666666666667
0 0.55875 0.21916666666666668 0.20750000000000002 0.24166666666666667
