0 0.83984375 0.65625 0.0578125 0.05625
0 0.7875000000000001 0.65234375 0.065625 0.0703125
0 0.7421875 0.65546875 0.05 0.051562500000000004
0 0.6742187500000001 0.6375000000000001 0.06406250000000001 0.065625
0 0.6734375 0.69296875 0.05625 0.0578125
0 0.60078125 0.6429687500000001 0.1203125 0.09843750000000001
0 0.51875 0.51171875 0.07187500000000001 0.06406250000000001
0 0.50390625 0.446875 0.0390625 0.034375
0 0.45156250000000003 0.39375000000000004 0.09062500000000001 0.10625000000000001
0 0.41640625000000003 0.27578125000000003 0.0421875 0.0421875
0 0.38671875 0.453125 0.045312500000000006 0.040625
0 0.5078125 0.6578125 0.05 0.053125000000000006
0 0.47578125000000004 0.728125 0.0890625 0.12187500000000001
0 0.36484375 0.5859375 0.2390625 0.18125000000000002
0 0.25234375000000003 0.6585937500000001 0.2578125 0.21406250000000002
