0 0.59609375 0.42812500000000003 0.0671875 0.05625
0 0.5984375000000001 0.3671875 0.037500000000000006 0.037500000000000006
0 0.5984375000000001 0.26015625000000003 0.05 0.07968750000000001
0 0.4375 0.40937500000000004 0.037500000000000006 0.05625
0 0.4296875 0.478125 0.046875 0.046875
0 0.46328125000000003 0.49375 0.0390625 0.07500000000000001
0 0.58359375 0.52578125 0.0703125 0.045312500000000006
0 0.5015625 0.6195312500000001 0.046875 0.0578125
0 0.6515625 0.81171875 0.046875 0.051562500000000004
0 0.49765625 0.91328125 0.029687500000000002 0.0390625
0 0.61484375 0.6265625 0.09531250000000001 0.1125
