0 0.7367187500000001 0.703125 0.0328125 0.034375
0 0.8773437500000001 0.665625 0.24531250000000002 0.215625
0 0.6000000000000001 0.7585937500000001 0.215625 0.19843750000000002
0 0.68671875 0.6734375 0.051562500000000004 0.05
0 0.7367187500000001 0.6375000000000001 0.0703125 0.0625
0 0.72578125 0.59375 0.035937500000000004 0.037500000000000006
0 0.6234375000000001 0.58515625 0.0625 0.06406250000000001
0 0.5906250000000001 0.534375 0.040625 0.034375
0 0.85859375 0.5203125000000001 0.035937500000000004 0.040625
0 0.34609375000000003 0.71796875 0.4265625 0.4546875
0 0.353125 0.4765625 0.125 0.18125000000000002
0 0.52734375 0.39609375 0.0328125 0.029687500000000002
