0 0.64375 0.4609375 0.10312500000000001 0.1125
0 0.6328125 0.38906250000000003 0.034375 0.03125
0 0.9226562500000001 0.671875 0.0328125 0.040625
0 0.85703125 0.6890625 0.0203125 0.025
0 0.8601562500000001 0.73828125 0.0421875 0.0328125
0 0.8093750000000001 0.7507812500000001 0.040625 0.0578125
0 0.75546875 0.7289062500000001 0.0203125 0.0203125
0 0.70625 0.76484375 0.021875000000000002 0.029687500000000002
0 0.74765625 0.7828125 0.0171875 0.025
0 0.6570312500000001 0.6859375000000001 0.0671875 0.115625
0 0.78671875 0.65234375 0.0328125 0.0421875
0 0.7445312500000001 0.6335937500000001 0.0484375 0.07968750000000001
0 0.70625 0.6328125 0.0125 0.018750000000000003
0 0.6734375 0.60703125 0.034375 0.045312500000000006
0 0.77265625 0.52890625 0.1921875 0.1640625
0 0.51875 0.49375 0.10625000000000001 0.08125
0 0.59921875 0.6062500000000001 0.0203125 0.021875000000000002
0 0.40546875000000004 0.56796875 0.0703125 0.08281250000000001
