3 0.33828125000000003 0.6570312500000001 0.15781250000000002 0.1546875
3 0.51171875 0.66953125 0.13593750000000002 0.1296875
3 0.40078125000000003 0.53125 0.051562500000000004 0.06875
3 0.56953125 0.5109375 0.08281250000000001 0.07187500000000001
3 0.5953125 0.42265625 0.059375000000000004 0.0578125
3 0.44765625000000003 0.290625 0.051562500000000004 0.043750000000000004
3 0.496875 0.32890625 0.043750000000000004 0.0484375
3 0.54296875 0.290625 0.0671875 0.08125
3 0.384375 0.39921875 0.07187500000000001 0.08281250000000001
3 0.37578125 0.46484375 0.1046875 0.1015625
3 0.45625000000000004 0.56015625 0.065625 0.0546875
