0 0.26875 0.3640625 0.171875 0.1125
0 0.19140625 0.4390625 0.0765625 0.05625
0 0.253125 0.50703125 0.043750000000000004 0.06406250000000001
0 0.40703125 0.565625 0.0171875 0.025
0 0.45390625 0.6453125000000001 0.08281250000000001 0.09062500000000001
0 0.5890625 0.66328125 0.07500000000000001 0.051562500000000004
0 0.36875 0.33125000000000004 0.278125 0.209375
0 0.6203125 0.33203125 0.1375 0.0859375
0 0.5171875 0.11875000000000001 0.109375 0.07187500000000001
0 0.6218750000000001 0.16171875000000002 0.03125 0.0328125
0 0.55390625 0.2984375 0.026562500000000003 0.018750000000000003
