0 0.19296875000000002 0.53359375 0.045312500000000006 0.035937500000000004
0 0.24140625000000002 0.55234375 0.0421875 0.0484375
0 0.27968750000000003 0.56875 0.03125 0.040625
0 0.3453125 0.57421875 0.05 0.0484375
0 0.3328125 0.625 0.037500000000000006 0.043750000000000004
0 0.40937500000000004 0.6023437500000001 0.10312500000000001 0.060937500000000006
0 0.53125 0.51328125 0.059375000000000004 0.0484375
0 0.5671875000000001 0.46171875 0.040625 0.0328125
0 0.6335937500000001 0.42812500000000003 0.060937500000000006 0.08750000000000001
0 0.7046875 0.33984375 0.021875000000000002 0.026562500000000003
0 0.71640625 0.68671875 0.20468750000000002 0.32656250000000003
