0 0.5 0.8383333333333334 0.03 0.04666666666666667
0 0.5625 0.8358333333333334 0.1 0.14833333333333334
0 0.476875 0.6616666666666667 0.02625 0.08333333333333334
0 0.509375 0.16333333333333333 0.19375 0.21333333333333335
0 0.346875 0.36500000000000005 0.09375 0.11666666666666667
0 0.301875 0.5033333333333334 0.07875 0.08
0 0.40875 0.5391666666666667 0.0925 0.10166666666666667
0 0.79125 0.5466666666666667 0.10250000000000001 0.1366666666666667
0 0.9025 0.5266666666666667 0.0275 0.03333333333333333
0 0.8825000000000001 0.4566666666666667 0.025 0.02666666666666667
