0 0.52578125 0.846875 0.35781250000000003 0.30625
0 0.58203125 0.5281250000000001 0.06406250000000001 0.0625
0 0.6296875000000001 0.40625 0.13125 0.1375
0 0.7093750000000001 0.49062500000000003 0.065625 0.065625
0 0.86875 0.5046875000000001 0.171875 0.184375
0 0.7742187500000001 0.5554687500000001 0.0578125 0.0546875
0 0.753125 0.38359375 0.034375 0.035937500000000004
0 0.4234375 0.38906250000000003 0.043750000000000004 0.046875
0 0.2703125 0.43203125000000003 0.040625 0.0421875
0 0.25 0.58515625 0.1625 0.1546875
