3 0.7015625000000001 0.215625 0.309375 0.33437500000000003
3 0.4734375 0.2328125 0.08125 0.07500000000000001
3 0.42265625 0.41171875 0.2109375 0.20468750000000002
3 0.5437500000000001 0.37031250000000004 0.07500000000000001 0.08750000000000001
3 0.60859375 0.45625000000000004 0.1546875 0.15625
3 0.49609375 0.625 0.0671875 0.084375
3 0.42265625 0.7757812500000001 0.1421875 0.15156250000000002
3 0.35468750000000004 0.6890625 0.0625 0.06875
3 0.64453125 0.66015625 0.1484375 0.1265625
3 0.6179687500000001 0.7578125 0.0921875 0.10312500000000001
