3 0.8671875 0.55078125 0.265625 0.3609375
3 0.74921875 0.7421875 0.0859375 0.08125
3 0.5609375 0.6781250000000001 0.22812500000000002 0.22187500000000002
3 0.6703125000000001 0.596875 0.08125 0.09375
3 0.6335937500000001 0.48671875000000003 0.16718750000000002 0.1703125
3 0.415625 0.484375 0.07500000000000001 0.09062500000000001
3 0.23828125 0.45703125 0.1546875 0.1640625
3 0.2734375 0.5703125 0.06875 0.07500000000000001
3 0.47500000000000003 0.33125000000000004 0.15937500000000002 0.1375
3 0.37265625 0.29531250000000003 0.1015625 0.109375
