0 0.699375 0.6416666666666667 0.23125 0.31333333333333335
0 0.58375 0.6333333333333334 0.0475 0.08
0 0.5181250000000001 0.5750000000000001 0.04125 0.060000000000000005
0 0.6075 0.41833333333333333 0.11750000000000001 0.14
0 0.613125 0.7725000000000001 0.03625 0.05166666666666667
0 0.5675 0.8058333333333334 0.1125 0.15833333333333335
0 0.31875000000000003 0.7016666666666667 0.11750000000000001 0.16
0 0.225 0.75 0.0375 0.05
0 0.225 0.6858333333333334 0.0225 0.028333333333333335
0 0.415625 0.2775 0.20875 0.25833333333333336
