0 0.41796875 0.61328125 0.11093750000000001 0.1203125
0 0.446875 0.6804687500000001 0.037500000000000006 0.0328125
0 0.09296875 0.47421875 0.035937500000000004 0.0421875
0 0.153125 0.44140625 0.021875000000000002 0.026562500000000003
0 0.13828125 0.39296875000000003 0.045312500000000006 0.035937500000000004
0 0.18515625000000002 0.36796875 0.045312500000000006 0.060937500000000006
0 0.24296875 0.3765625 0.0234375 0.021875000000000002
0 0.2828125 0.3296875 0.025 0.03125
0 0.23828125 0.32265625000000003 0.0203125 0.026562500000000003
0 0.35078125000000004 0.3953125 0.0765625 0.12187500000000001
0 0.23203125000000002 0.4609375 0.035937500000000004 0.043750000000000004
0 0.278125 0.46796875000000004 0.053125000000000006 0.08281250000000001
0 0.31484375000000003 0.45937500000000003 0.0140625 0.018750000000000003
0 0.353125 0.4765625 0.037500000000000006 0.046875
0 0.27578125000000003 0.57734375 0.20468750000000002 0.1765625
0 0.534375 0.55 0.1125 0.09062500000000001
0 0.4265625 0.45937500000000003 0.021875000000000002 0.021875000000000002
0 0.6273437500000001 0.44921875 0.0765625 0.0890625
