3 0.54453125 0.7875000000000001 0.2984375 0.34687500000000004
3 0.565625 0.58515625 0.065625 0.0890625
3 0.46171875 0.4765625 0.06406250000000001 0.05
3 0.43828125 0.371875 0.0390625 0.043750000000000004
3 0.55 0.46640625 0.08125 0.0671875
3 0.56796875 0.38515625000000003 0.060937500000000006 0.060937500000000006
3 0.74609375 0.3875 0.0546875 0.05625
3 0.7453125 0.553125 0.08750000000000001 0.084375
3 0.7453125 0.46328125000000003 0.134375 0.1046875
3 0.6890625 0.34453125 0.065625 0.0546875
3 0.67890625 0.26328125 0.1015625 0.1203125
3 0.5476562500000001 0.51875 0.0703125 0.05
