0 0.2984375 0.34296875000000004 0.20625000000000002 0.0734375
0 0.40156250000000004 0.61484375 0.171875 0.17343750000000002
0 0.4390625 0.7523437500000001 0.065625 0.060937500000000006
0 0.253125 0.7015625000000001 0.1 0.07187500000000001
0 0.79453125 0.49609375 0.0421875 0.051562500000000004
0 0.67109375 0.55859375 0.0234375 0.035937500000000004
0 0.6507812500000001 0.50546875 0.0234375 0.029687500000000002
0 0.6921875000000001 0.6664062500000001 0.05 0.0578125
0 0.87421875 0.59765625 0.0421875 0.0390625
0 0.690625 0.7273437500000001 0.03125 0.051562500000000004
