3 0.578125 0.3671875 0.15000000000000002 0.14375000000000002
3 0.503125 0.31953125000000004 0.03125 0.0390625
3 0.3296875 0.47734375 0.0625 0.0578125
3 0.35390625000000003 0.5859375 0.0859375 0.084375
3 0.4546875 0.5203125000000001 0.05625 0.06875
3 0.53671875 0.6117187500000001 0.0859375 0.0734375
3 0.37890625 0.6453125000000001 0.0703125 0.06875
3 0.46875 0.6960937500000001 0.053125000000000006 0.051562500000000004
3 0.7328125000000001 0.57421875 0.0625 0.0734375
3 0.7250000000000001 0.44375000000000003 0.08125 0.08125
3 0.728125 0.37734375000000003 0.065625 0.0578125
3 0.78125 0.5 0.05 0.046875
3 0.83984375 0.51171875 0.045312500000000006 0.045312500000000006
3 0.7914062500000001 0.55625 0.06406250000000001 0.059375000000000004
