3 0.5945312500000001 0.43671875000000004 0.1796875 0.20468750000000002
3 0.27187500000000003 0.32421875 0.27187500000000003 0.20468750000000002
3 0.39453125 0.37734375000000003 0.09531250000000001 0.0765625
3 0.39375000000000004 0.44765625000000003 0.08125 0.06406250000000001
3 0.40234375 0.51875 0.060937500000000006 0.05625
3 0.38046875 0.584375 0.1015625 0.09062500000000001
3 0.43984375000000003 0.546875 0.045312500000000006 0.043750000000000004
3 0.45625000000000004 0.6039062500000001 0.046875 0.045312500000000006
3 0.5828125000000001 0.3328125 0.0625 0.05
3 0.6484375 0.35859375000000004 0.043750000000000004 0.045312500000000006
