3 0.521875 0.76484375 0.290625 0.3296875
3 0.48750000000000004 0.58203125 0.065625 0.08281250000000001
3 0.57421875 0.47578125000000004 0.060937500000000006 0.0484375
3 0.5890625 0.38046875 0.037500000000000006 0.0421875
3 0.49375 0.4734375 0.07500000000000001 0.065625
3 0.47265625 0.40078125000000003 0.0578125 0.0578125
3 0.31015625 0.415625 0.051562500000000004 0.053125000000000006
3 0.321875 0.565625 0.084375 0.08125
3 0.31640625 0.484375 0.1265625 0.10312500000000001
3 0.359375 0.371875 0.0625 0.053125000000000006
3 0.36250000000000004 0.2984375 0.1 0.115625
3 0.5 0.5203125000000001 0.065625 0.05
