3 0.5710937500000001 0.3359375 0.16718750000000002 0.15625
3 0.478125 0.2890625 0.034375 0.043750000000000004
3 0.29296875 0.48984375 0.0703125 0.06406250000000001
3 0.33359375 0.6140625000000001 0.09531250000000001 0.09375
3 0.44296875 0.5265625 0.060937500000000006 0.078125
3 0.5484375 0.625 0.096875 0.08125
3 0.36875 0.6804687500000001 0.078125 0.0765625
3 0.47890625000000003 0.7296875 0.0578125 0.05625
3 0.77109375 0.56015625 0.0671875 0.08281250000000001
3 0.75 0.41015625 0.09062500000000001 0.0890625
3 0.74609375 0.3328125 0.0734375 0.0625
3 0.8203125 0.46953125 0.05625 0.051562500000000004
3 0.88984375 0.4765625 0.0484375 0.05
3 0.8390625 0.53359375 0.07187500000000001 0.06406250000000001
