3 0.23593750000000002 0.36484375 0.05625 0.0484375
3 0.2671875 0.415625 0.040625 0.040625
3 0.265625 0.48203125 0.05625 0.0484375
3 0.246875 0.6429687500000001 0.17500000000000002 0.1328125
3 0.47734375 0.55 0.0703125 0.07187500000000001
3 0.49765625 0.36875 0.051562500000000004 0.05
3 0.6429687500000001 0.225 0.1921875 0.24375000000000002
3 0.19687500000000002 0.28750000000000003 0.03125 0.037500000000000006
3 0.1859375 0.22968750000000002 0.053125000000000006 0.0625
3 0.35859375000000004 0.54140625 0.06406250000000001 0.0484375
