0 0.45078125 0.47734375 0.0921875 0.08281250000000001
0 0.23125 0.43359375 0.037500000000000006 0.0390625
0 0.65234375 0.70234375 0.1265625 0.0859375
0 0.4296875 0.6156250000000001 0.046875 0.040625
0 0.8757812500000001 0.8015625000000001 0.1328125 0.140625
0 0.85703125 0.7109375 0.07968750000000001 0.07500000000000001
0 0.753125 0.65625 0.1125 0.125
0 0.9109375000000001 0.6335937500000001 0.07187500000000001 0.07968750000000001
0 0.8765625 0.5710937500000001 0.078125 0.045312500000000006
0 0.9234375 0.48750000000000004 0.037500000000000006 0.040625
0 0.8421875000000001 0.4765625 0.025 0.025
0 0.7820312500000001 0.5164062500000001 0.09531250000000001 0.0703125
