0 0.134375 0.4609375 0.08750000000000001 0.05625
0 0.39687500000000003 0.36640625000000004 0.059375000000000004 0.09843750000000001
0 0.390625 0.703125 0.059375000000000004 0.06875
0 0.3640625 0.8140625 0.096875 0.078125
0 0.5171875 0.6468750000000001 0.10312500000000001 0.05625
0 0.234375 0.7203125 0.05625 0.034375
0 0.19609375 0.7898437500000001 0.0921875 0.0765625
0 0.5078125 0.28203125 0.040625 0.035937500000000004
0 0.6664062500000001 0.2515625 0.1703125 0.30312500000000003
0 0.7289062500000001 0.41796875 0.06406250000000001 0.0328125
