0 0.8375 0.4578125 0.08750000000000001 0.06875
0 0.64375 0.6062500000000001 0.07500000000000001 0.096875
0 0.5593750000000001 0.32421875 0.06875 0.0734375
0 0.55234375 0.225 0.1015625 0.09062500000000001
0 0.46953125 0.40546875000000004 0.1015625 0.0734375
0 0.6843750000000001 0.26875 0.05625 0.043750000000000004
0 0.6984375 0.20078125000000002 0.096875 0.0890625
0 0.57421875 0.70625 0.0421875 0.040625
0 0.45 0.7734375 0.22187500000000002 0.296875
0 0.35468750000000004 0.6515625 0.0625 0.043750000000000004
