0 0.52265625 0.59609375 0.0546875 0.051562500000000004
0 0.6273437500000001 0.55234375 0.0421875 0.035937500000000004
0 0.3484375 0.4703125 0.07500000000000001 0.046875
0 0.4 0.434375 0.040625 0.043750000000000004
0 0.3671875 0.37343750000000003 0.059375000000000004 0.053125000000000006
0 0.3984375 0.3359375 0.040625 0.034375
0 0.50625 0.51875 0.05625 0.059375000000000004
0 0.5296875 0.6648437500000001 0.053125000000000006 0.0671875
0 0.42734375 0.728125 0.0484375 0.05
0 0.375 0.6578125 0.046875 0.043750000000000004
0 0.59140625 0.65234375 0.06406250000000001 0.06406250000000001
0 0.6625000000000001 0.7820312500000001 0.153125 0.1328125
0 0.596875 0.71875 0.078125 0.084375
0 0.66171875 0.696875 0.0765625 0.065625
