0 0.7453125 0.628125 0.037500000000000006 0.037500000000000006
0 0.7406250000000001 0.6726562500000001 0.021875000000000002 0.0328125
0 0.675 0.59765625 0.03125 0.0328125
0 0.6984375 0.53515625 0.046875 0.0578125
0 0.66953125 0.40390625 0.029687500000000002 0.035937500000000004
0 0.5476562500000001 0.38359375 0.0203125 0.0203125
0 0.56015625 0.34921875 0.0203125 0.0234375
0 0.6484375 0.25703125 0.037500000000000006 0.0421875
0 0.57265625 0.24765625000000002 0.11406250000000001 0.11406250000000001
0 0.47265625 0.40468750000000003 0.026562500000000003 0.065625
0 0.4578125 0.3375 0.025 0.053125000000000006
0 0.40078125000000003 0.39140625 0.0921875 0.1421875
0 0.47734375 0.5164062500000001 0.0703125 0.051562500000000004
0 0.35781250000000003 0.62109375 0.021875000000000002 0.026562500000000003
