3 0.18359375 0.49843750000000003 0.1390625 0.12187500000000001
3 0.23125 0.60078125 0.09062500000000001 0.06406250000000001
3 0.33515625000000004 0.42578125 0.06406250000000001 0.0578125
3 0.30390625000000004 0.321875 0.20468750000000002 0.16562500000000002
3 0.49062500000000003 0.28125 0.0625 0.07187500000000001
3 0.34140625 0.1875 0.06406250000000001 0.078125
3 0.41250000000000003 0.15156250000000002 0.0625 0.07500000000000001
3 0.540625 0.16953125000000002 0.20625000000000002 0.18281250000000002
3 0.3296875 0.565625 0.043750000000000004 0.043750000000000004
3 0.42812500000000003 0.48515625 0.053125000000000006 0.0859375
3 0.45625000000000004 0.5890625 0.09375 0.11875000000000001
3 0.59375 0.47968750000000004 0.05625 0.037500000000000006
