3 0.42500000000000004 0.7875000000000001 0.1375 0.09375
3 0.37343750000000003 0.7015625000000001 0.043750000000000004 0.053125000000000006
3 0.40859375000000003 0.6414062500000001 0.0421875 0.0734375
3 0.52734375 0.49609375 0.0671875 0.0328125
3 0.4765625 0.4375 0.05 0.046875
3 0.6726562500000001 0.6140625000000001 0.16718750000000002 0.146875
3 0.625 0.47187500000000004 0.05625 0.034375
3 0.58203125 0.41875 0.026562500000000003 0.028125
3 0.61484375 0.33046875000000003 0.11406250000000001 0.11093750000000001
3 0.275 0.478125 0.209375 0.19375
3 0.2578125 0.6531250000000001 0.096875 0.059375000000000004
