0 0.7609375 0.4453125 0.040625 0.040625
0 0.76171875 0.40078125000000003 0.026562500000000003 0.035937500000000004
0 0.6859375000000001 0.46796875000000004 0.034375 0.035937500000000004
0 0.70078125 0.5328125 0.0546875 0.0625
0 0.65390625 0.66171875 0.0328125 0.0390625
0 0.52890625 0.665625 0.0234375 0.021875000000000002
0 0.5375 0.7015625000000001 0.021875000000000002 0.025
0 0.61484375 0.80625 0.0421875 0.046875
0 0.53671875 0.8054687500000001 0.1265625 0.1265625
0 0.45625000000000004 0.634375 0.034375 0.06875
0 0.43359375 0.7000000000000001 0.029687500000000002 0.05625
0 0.38203125000000004 0.6390625000000001 0.1078125 0.153125
0 0.47578125000000004 0.5234375 0.0765625 0.059375000000000004
0 0.36953125000000003 0.40234375 0.026562500000000003 0.029687500000000002
