0 0.7914062500000001 0.76328125 0.09843750000000001 0.1484375
0 0.74921875 0.8234375 0.060937500000000006 0.07500000000000001
0 0.7781250000000001 0.8828125 0.05 0.0625
0 0.96484375 0.68515625 0.045312500000000006 0.0390625
0 0.70234375 0.59921875 0.06406250000000001 0.0765625
0 0.43828125 0.665625 0.1078125 0.109375
0 0.1703125 0.79609375 0.07500000000000001 0.0765625
0 0.371875 0.85546875 0.10625000000000001 0.0765625
0 0.64375 0.47500000000000003 0.07187500000000001 0.078125
0 0.5203125000000001 0.51953125 0.043750000000000004 0.0546875
0 0.415625 0.48046875 0.065625 0.0921875
0 0.28203125 0.41875 0.0890625 0.11875000000000001
0 0.3203125 0.325 0.1125 0.11875000000000001
0 0.35078125000000004 0.25390625 0.1453125 0.1296875
0 0.5171875 0.30234375 0.078125 0.0921875
0 0.6203125 0.38515625000000003 0.07500000000000001 0.0921875
0 0.53125 0.19843750000000002 0.15000000000000002 0.225
0 0.68515625 0.27187500000000003 0.2484375 0.384375
