3 0.8304687500000001 0.525 0.1203125 0.10312500000000001
3 0.78046875 0.6140625000000001 0.07968750000000001 0.053125000000000006
3 0.69921875 0.44921875 0.0546875 0.0484375
3 0.734375 0.35703125 0.178125 0.1390625
3 0.56875 0.30625 0.053125000000000006 0.0625
3 0.71015625 0.23359375000000002 0.0546875 0.0671875
3 0.6492187500000001 0.1953125 0.051562500000000004 0.065625
3 0.5320312500000001 0.20234375000000002 0.1796875 0.1546875
3 0.6937500000000001 0.57578125 0.037500000000000006 0.0390625
3 0.6109375 0.49531250000000004 0.043750000000000004 0.07500000000000001
3 0.578125 0.58828125 0.078125 0.1046875
3 0.4625 0.478125 0.05 0.03125
