0 0.80859375 0.775 0.0421875 0.065625
0 0.8656250000000001 0.7640625000000001 0.043750000000000004 0.034375
0 0.8640625000000001 0.71796875 0.018750000000000003 0.026562500000000003
0 0.9359375000000001 0.7039062500000001 0.037500000000000006 0.0484375
0 0.7562500000000001 0.7523437500000001 0.021875000000000002 0.026562500000000003
0 0.70234375 0.78828125 0.0234375 0.026562500000000003
0 0.6570312500000001 0.70859375 0.0734375 0.1203125
0 0.7914062500000001 0.6726562500000001 0.0328125 0.045312500000000006
0 0.7468750000000001 0.6546875000000001 0.05 0.08125
0 0.70859375 0.65 0.0171875 0.018750000000000003
0 0.67734375 0.6195312500000001 0.0328125 0.0421875
0 0.7898437500000001 0.54296875 0.2078125 0.1796875
0 0.6414062500000001 0.46406250000000004 0.1421875 0.134375
0 0.64609375 0.3875 0.045312500000000006 0.040625
