0 0.42500000000000004 0.6039062500000001 0.1 0.1078125
0 0.44921875 0.6664062500000001 0.0328125 0.029687500000000002
0 0.12890625 0.46953125 0.0328125 0.0390625
0 0.18359375 0.4390625 0.0203125 0.025
0 0.171875 0.3953125 0.040625 0.03125
0 0.215625 0.37265625 0.040625 0.0546875
0 0.26875 0.38203125000000004 0.021875000000000002 0.0203125
0 0.30625 0.33906250000000004 0.021875000000000002 0.028125
0 0.26484375 0.33203125 0.0171875 0.0234375
0 0.3671875 0.40234375 0.06875 0.11093750000000001
0 0.25625000000000003 0.45859375 0.03125 0.0390625
0 0.29921875000000003 0.46718750000000003 0.0484375 0.07500000000000001
0 0.3328125 0.45937500000000003 0.0125 0.018750000000000003
0 0.36796875 0.4765625 0.0328125 0.043750000000000004
0 0.29453125 0.56875 0.1859375 0.15937500000000002
0 0.5328125 0.5484375 0.10312500000000001 0.08125
0 0.43515625 0.46171875 0.0203125 0.0203125
0 0.6203125 0.45703125 0.06875 0.07968750000000001
