0 0.50703125 0.5328125 0.1390625 0.12812500000000002
0 0.47109375000000003 0.4296875 0.0421875 0.040625
0 0.5109375 0.33515625000000004 0.14375000000000002 0.1234375
0 0.19140625 0.7468750000000001 0.0421875 0.046875
0 0.31328125 0.6976562500000001 0.0328125 0.0390625
0 0.26640625 0.790625 0.0421875 0.034375
0 0.25625000000000003 0.74921875 0.021875000000000002 0.0234375
0 0.35703125 0.76171875 0.0234375 0.0234375
0 0.31484375000000003 0.79453125 0.045312500000000006 0.060937500000000006
0 0.41171875 0.78671875 0.0203125 0.0234375
0 0.4375 0.70234375 0.084375 0.1171875
0 0.40390625 0.634375 0.0421875 0.043750000000000004
0 0.34375 0.67109375 0.059375000000000004 0.0765625
0 0.38203125000000004 0.6640625 0.0203125 0.021875000000000002
0 0.29375 0.5859375 0.203125 0.1875
