0 0.6585937500000001 0.28125 0.0546875 0.07500000000000001
0 0.696875 0.384375 0.0625 0.09062500000000001
0 0.6921875000000001 0.32656250000000003 0.03125 0.034375
0 0.6039062500000001 0.3359375 0.0234375 0.025
0 0.5359375000000001 0.26171875 0.021875000000000002 0.0234375
0 0.5140625 0.32421875 0.021875000000000002 0.026562500000000003
0 0.5140625 0.43046875 0.034375 0.0234375
0 0.55 0.48359375000000004 0.037500000000000006 0.0546875
0 0.7171875000000001 0.43671875000000004 0.25625000000000003 0.1796875
0 0.8984375 0.46875 0.053125000000000006 0.059375000000000004
0 0.8859375 0.5710937500000001 0.025 0.029687500000000002
0 0.7765625 0.5640625 0.03125 0.043750000000000004
0 0.7312500000000001 0.584375 0.03125 0.043750000000000004
0 0.71875 0.6375000000000001 0.06875 0.059375000000000004
0 0.5789062500000001 0.61875 0.0578125 0.046875
0 0.55234375 0.67109375 0.0421875 0.045312500000000006
0 0.46484375 0.6179687500000001 0.0921875 0.06406250000000001
0 0.42734375 0.6648437500000001 0.035937500000000004 0.026562500000000003
0 0.43359375 0.7093750000000001 0.0421875 0.040625
0 0.5007812500000001 0.71640625 0.0328125 0.026562500000000003
0 0.61875 0.7679687500000001 0.1875 0.20468750000000002
