0 0.41875 0.45156250000000003 0.09062500000000001 0.1
0 0.4375 0.3875 0.03125 0.028125
0 0.13828125 0.6117187500000001 0.029687500000000002 0.035937500000000004
0 0.19609375 0.6359375 0.0171875 0.021875000000000002
0 0.18828125 0.6804687500000001 0.0390625 0.029687500000000002
0 0.2328125 0.6976562500000001 0.034375 0.051562500000000004
0 0.284375 0.6843750000000001 0.018750000000000003 0.018750000000000003
0 0.32656250000000003 0.72265625 0.018750000000000003 0.026562500000000003
0 0.2859375 0.73359375 0.015625 0.0234375
0 0.38046875 0.65546875 0.0578125 0.1046875
0 0.265625 0.609375 0.028125 0.037500000000000006
0 0.30703125000000003 0.5984375000000001 0.0421875 0.07187500000000001
0 0.34140625 0.6023437500000001 0.010937500000000001 0.0171875
0 0.37421875000000004 0.58203125 0.029687500000000002 0.0390625
0 0.29296875 0.49843750000000003 0.17343750000000002 0.14375000000000002
0 0.53046875 0.496875 0.09531250000000001 0.07187500000000001
0 0.4421875 0.5906250000000001 0.018750000000000003 0.018750000000000003
0 0.625 0.578125 0.0625 0.07500000000000001
