0 0.37031250000000004 0.41953125 0.10625000000000001 0.1171875
0 0.38984375000000004 0.340625 0.035937500000000004 0.03125
0 0.0390625 0.6273437500000001 0.034375 0.0421875
0 0.11015625000000001 0.65390625 0.0203125 0.026562500000000003
0 0.10234375000000001 0.70859375 0.045312500000000006 0.0328125
0 0.15781250000000002 0.7273437500000001 0.040625 0.060937500000000006
0 0.22031250000000002 0.7078125000000001 0.021875000000000002 0.021875000000000002
0 0.27187500000000003 0.753125 0.021875000000000002 0.03125
0 0.22421875000000002 0.7679687500000001 0.0171875 0.026562500000000003
0 0.33437500000000003 0.6687500000000001 0.065625 0.125
0 0.19296875000000002 0.61875 0.0328125 0.043750000000000004
0 0.2421875 0.6023437500000001 0.046875 0.0859375
0 0.284375 0.60546875 0.0125 0.0203125
0 0.32343750000000004 0.5796875 0.034375 0.046875
0 0.22031250000000002 0.48281250000000003 0.203125 0.16562500000000002
0 0.5078125 0.46796875000000004 0.1125 0.08281250000000001
0 0.40625 0.5859375 0.021875000000000002 0.021875000000000002
0 0.6265625 0.5625 0.07187500000000001 0.08750000000000001
