0 0.2890625 0.6687500000000001 0.05625 0.053125000000000006
0 0.39687500000000003 0.5945312500000001 0.21875 0.2390625
0 0.7046875 0.52578125 0.30000000000000004 0.2671875
0 0.51875 0.60546875 0.040625 0.0484375
0 0.45859375 0.36875 0.2734375 0.296875
0 0.6078125000000001 0.35703125 0.140625 0.1453125
0 0.56953125 0.27890625 0.0859375 0.0703125
0 0.5515625000000001 0.17343750000000002 0.08750000000000001 0.07500000000000001
0 0.50546875 0.146875 0.0734375 0.059375000000000004
0 0.4109375 0.18671875000000002 0.0625 0.0578125
0 0.38828125 0.24531250000000002 0.0390625 0.043750000000000004
0 0.6390625000000001 0.2671875 0.05625 0.05
0 0.29609375 0.4546875 0.0546875 0.046875
