0 0.8140625 0.48750000000000004 0.046875 0.040625
0 0.6765625000000001 0.509375 0.1625 0.20625000000000002
0 0.3484375 0.4375 0.265625 0.19375
0 0.5632812500000001 0.44453125000000004 0.026562500000000003 0.045312500000000006
0 0.51484375 0.7000000000000001 0.20468750000000002 0.25625000000000003
0 0.36562500000000003 0.64453125 0.109375 0.1203125
0 0.36796875 0.7367187500000001 0.07968750000000001 0.045312500000000006
0 0.33828125000000003 0.846875 0.07968750000000001 0.053125000000000006
0 0.37031250000000004 0.8921875 0.06875 0.037500000000000006
0 0.47890625000000003 0.89609375 0.0546875 0.0421875
0 0.52734375 0.85078125 0.029687500000000002 0.035937500000000004
0 0.29531250000000003 0.7171875000000001 0.05 0.034375
0 0.7109375 0.690625 0.05 0.03125
