0 0.32734375000000004 0.39296875000000003 0.11406250000000001 0.1328125
0 0.21171875 0.328125 0.0234375 0.03125
0 0.34921875 0.50703125 0.15781250000000002 0.17343750000000002
0 0.71640625 0.6882812500000001 0.0390625 0.045312500000000006
0 0.6703125000000001 0.690625 0.043750000000000004 0.043750000000000004
0 0.6625000000000001 0.55390625 0.078125 0.09531250000000001
0 0.55625 0.7140625 0.025 0.025
0 0.47187500000000004 0.7117187500000001 0.11875000000000001 0.1078125
0 0.453125 0.64765625 0.05 0.0484375
0 0.40859375000000003 0.62109375 0.029687500000000002 0.035937500000000004
0 0.37421875000000004 0.59765625 0.08281250000000001 0.0578125
0 0.3484375 0.66171875 0.059375000000000004 0.060937500000000006
0 0.26640625 0.7195312500000001 0.2328125 0.15781250000000002
