0 0.7289062500000001 0.8328125000000001 0.0546875 0.065625
0 0.62421875 0.8296875 0.1328125 0.078125
0 0.52109375 0.80859375 0.0859375 0.1234375
0 0.7390625000000001 0.7015625000000001 0.16875 0.19062500000000002
0 0.5859375 0.6257812500000001 0.0625 0.0484375
0 0.56875 0.55859375 0.109375 0.09531250000000001
0 0.40703125 0.43359375 0.026562500000000003 0.0234375
0 0.28984375 0.49921875000000004 0.4390625 0.3171875
0 0.2515625 0.67734375 0.028125 0.029687500000000002
0 0.17890625000000002 0.6203125 0.0421875 0.037500000000000006
