0 0.21875 0.5515625000000001 0.084375 0.078125
0 0.4390625 0.5398437500000001 0.059375000000000004 0.08281250000000001
0 0.40546875000000004 0.36796875 0.0234375 0.029687500000000002
0 0.484375 0.32109375 0.03125 0.0328125
0 0.521875 0.34921875 0.05625 0.0421875
0 0.584375 0.32890625 0.046875 0.06406250000000001
0 0.64453125 0.40234375 0.035937500000000004 0.051562500000000004
0 0.7390625000000001 0.38906250000000003 0.07187500000000001 0.07187500000000001
0 0.34765625 0.25625000000000003 0.1953125 0.225
0 0.20859375000000002 0.259375 0.0546875 0.043750000000000004
0 0.19062500000000002 0.0671875 0.05 0.043750000000000004
0 0.1859375 0.3203125 0.109375 0.034375
0 0.08828125 0.3203125 0.060937500000000006 0.034375
0 0.7015625000000001 0.62421875 0.021875000000000002 0.029687500000000002
