0 0.41328125000000004 0.8773437500000001 0.07968750000000001 0.0890625
0 0.49375 0.7875000000000001 0.05 0.043750000000000004
0 0.50625 0.51875 0.11875000000000001 0.06875
0 0.51796875 0.6218750000000001 0.026562500000000003 0.021875000000000002
0 0.44296875 0.5750000000000001 0.0328125 0.03125
0 0.290625 0.5109375 0.215625 0.2
0 0.16875 0.1796875 0.043750000000000004 0.025
0 0.21875 0.17734375000000002 0.043750000000000004 0.0328125
0 0.3984375 0.28359375000000003 0.065625 0.1328125
0 0.6937500000000001 0.2265625 0.26875 0.17500000000000002
