0 0.38046875 0.8609375 0.0734375 0.084375
0 0.46796875000000004 0.78046875 0.045312500000000006 0.0390625
0 0.50703125 0.5171875 0.11406250000000001 0.059375000000000004
0 0.5078125 0.61875 0.025 0.018750000000000003
0 0.43984375000000003 0.565625 0.029687500000000002 0.028125
0 0.29609375 0.48828125 0.19843750000000002 0.18281250000000002
0 0.20859375000000002 0.15156250000000002 0.0421875 0.021875000000000002
0 0.25703125 0.15390625000000002 0.0421875 0.029687500000000002
0 0.42421875000000003 0.275 0.0546875 0.12812500000000002
0 0.7203125 0.2484375 0.253125 0.153125
