0 0.15625 0.5 0.1125 0.084375
0 0.24531250000000002 0.5859375 0.078125 0.05625
0 0.28750000000000003 0.76328125 0.059375000000000004 0.045312500000000006
0 0.41640625000000003 0.43593750000000003 0.1484375 0.16875
0 0.33671875 0.39609375 0.060937500000000006 0.1265625
0 0.26640625 0.3203125 0.1265625 0.09062500000000001
0 0.14453125 0.31953125000000004 0.0390625 0.0390625
0 0.1421875 0.38828125 0.08125 0.1015625
0 0.659375 0.46718750000000003 0.059375000000000004 0.0625
0 0.7203125 0.48203125 0.065625 0.0734375
0 0.6421875 0.5890625 0.037500000000000006 0.046875
0 0.77890625 0.6570312500000001 0.0421875 0.045312500000000006
0 0.6015625 0.6796875 0.08125 0.12187500000000001
