0 0.7742187500000001 0.4765625 0.0765625 0.06875
0 0.5765625 0.48671875000000003 0.053125000000000006 0.0734375
0 0.60703125 0.6414062500000001 0.0203125 0.026562500000000003
0 0.5359375000000001 0.6820312500000001 0.028125 0.029687500000000002
0 0.503125 0.6578125 0.05 0.037500000000000006
0 0.44765625000000003 0.67578125 0.0421875 0.0578125
0 0.39375000000000004 0.6101562500000001 0.03125 0.045312500000000006
0 0.30859375 0.62109375 0.06406250000000001 0.06406250000000001
0 0.6585937500000001 0.7406250000000001 0.17343750000000002 0.2
0 0.7835937500000001 0.73828125 0.0484375 0.0390625
0 0.7992187500000001 0.91015625 0.045312500000000006 0.0390625
0 0.8031250000000001 0.68359375 0.096875 0.029687500000000002
0 0.890625 0.68359375 0.053125000000000006 0.029687500000000002
0 0.34218750000000003 0.41171875 0.018750000000000003 0.026562500000000003
