0 0.38046875 0.6742187500000001 0.06406250000000001 0.060937500000000006
0 0.4265625 0.71640625 0.046875 0.06406250000000001
0 0.4375 0.6351562500000001 0.018750000000000003 0.0203125
0 0.48125 0.6492187500000001 0.037500000000000006 0.051562500000000004
0 0.50234375 0.7054687500000001 0.0234375 0.035937500000000004
0 0.5007812500000001 0.74609375 0.0546875 0.0421875
0 0.34218750000000003 0.7406250000000001 0.1 0.084375
0 0.40078125000000003 0.59296875 0.0390625 0.045312500000000006
0 0.4609375 0.5750000000000001 0.10625000000000001 0.10312500000000001
0 0.53359375 0.45546875000000003 0.1203125 0.1046875
0 0.57421875 0.55625 0.060937500000000006 0.0625
0 0.7054687500000001 0.5164062500000001 0.2671875 0.24531250000000002
