0 0.8031250000000001 0.40156250000000004 0.259375 0.225
0 0.59609375 0.41718750000000004 0.1796875 0.215625
0 0.540625 0.5375 0.115625 0.109375
0 0.67578125 0.6000000000000001 0.0671875 0.065625
0 0.7195312500000001 0.49843750000000003 0.0546875 0.053125000000000006
0 0.6765625000000001 0.47500000000000003 0.053125000000000006 0.05625
0 0.734375 0.5484375 0.040625 0.040625
0 0.846875 0.5750000000000001 0.040625 0.040625
0 0.52109375 0.76875 0.035937500000000004 0.037500000000000006
0 0.39140625 0.7640625000000001 0.1390625 0.14375000000000002
0 0.32890625 0.75703125 0.0328125 0.035937500000000004
0 0.40234375 0.59609375 0.045312500000000006 0.045312500000000006
0 0.45937500000000003 0.60078125 0.059375000000000004 0.0671875
0 0.27421875 0.603125 0.20468750000000002 0.19687500000000002
0 0.6890625 0.6671875 0.053125000000000006 0.053125000000000006
