0 0.85546875 0.48046875 0.2484375 0.2109375
0 0.6492187500000001 0.49609375 0.17343750000000002 0.2109375
0 0.77734375 0.5859375 0.0546875 0.05625
0 0.7265625 0.5640625 0.046875 0.053125000000000006
0 0.73203125 0.6875 0.0671875 0.065625
0 0.5789062500000001 0.853125 0.045312500000000006 0.043750000000000004
0 0.59765625 0.62109375 0.1296875 0.1234375
0 0.78671875 0.63828125 0.0421875 0.0421875
0 0.5320312500000001 0.45859375 0.17343750000000002 0.16718750000000002
0 0.4546875 0.53828125 0.08750000000000001 0.0859375
0 0.32578125 0.4625 0.3296875 0.321875
0 0.91015625 0.6625000000000001 0.0484375 0.05
