0 0.26015625000000003 0.35703125 0.1640625 0.15781250000000002
0 0.44140625 0.35000000000000003 0.1203125 0.15937500000000002
0 0.33359375 0.43125 0.035937500000000004 0.037500000000000006
0 0.37265625 0.40703125 0.0234375 0.035937500000000004
0 0.38203125000000004 0.52578125 0.0421875 0.051562500000000004
0 0.32343750000000004 0.48515625 0.015625 0.0390625
0 0.21953125 0.5085937500000001 0.0203125 0.026562500000000003
0 0.384375 0.58984375 0.018750000000000003 0.026562500000000003
0 0.53515625 0.671875 0.026562500000000003 0.034375
0 0.56875 0.675 0.06875 0.1125
0 0.62421875 0.68671875 0.0234375 0.029687500000000002
0 0.6585937500000001 0.86640625 0.035937500000000004 0.035937500000000004
0 0.7367187500000001 0.8765625 0.051562500000000004 0.065625
0 0.5859375 0.52265625 0.053125000000000006 0.0484375
0 0.7132812500000001 0.56015625 0.1796875 0.11093750000000001
0 0.6359375 0.21484375 0.0625 0.1203125
0 0.7312500000000001 0.203125 0.11875000000000001 0.06875
0 0.59609375 0.7765625 0.0140625 0.025
0 0.50546875 0.45937500000000003 0.1015625 0.05
