0 0.36796875 0.6960937500000001 0.0734375 0.0703125
0 0.42109375000000004 0.74140625 0.0546875 0.0703125
0 0.43125 0.6507812500000001 0.021875000000000002 0.0234375
0 0.47968750000000004 0.6664062500000001 0.043750000000000004 0.0578125
0 0.50625 0.728125 0.028125 0.040625
0 0.5046875000000001 0.7718750000000001 0.0625 0.046875
0 0.328125 0.7703125000000001 0.1125 0.096875
0 0.38828125 0.6039062500000001 0.045312500000000006 0.051562500000000004
0 0.45546875000000003 0.5828125000000001 0.1203125 0.115625
0 0.5320312500000001 0.446875 0.13593750000000002 0.11875000000000001
0 0.58125 0.55859375 0.06875 0.0703125
0 0.7273437500000001 0.51015625 0.3015625 0.27968750000000003
