0 0.403125 0.7609375 0.10625000000000001 0.096875
0 0.4140625 0.5671875000000001 0.134375 0.12812500000000002
0 0.5953125 0.48046875 0.040625 0.026562500000000003
0 0.5984375000000001 0.728125 0.07187500000000001 0.034375
0 0.4296875 0.29609375 0.065625 0.11406250000000001
0 0.3140625 0.5789062500000001 0.034375 0.0921875
0 0.25234375000000003 0.62265625 0.0421875 0.0421875
0 0.28515625 0.65546875 0.035937500000000004 0.0390625
0 0.325 0.6585937500000001 0.03125 0.0203125
0 0.30312500000000003 0.7367187500000001 0.03125 0.0234375
