0 0.5906250000000001 0.703125 0.046875 0.043750000000000004
0 0.6742187500000001 0.64765625 0.1234375 0.0859375
0 0.4703125 0.7312500000000001 0.0625 0.0625
0 0.48750000000000004 0.7914062500000001 0.06875 0.0703125
0 0.6703125000000001 0.83515625 0.043750000000000004 0.0390625
0 0.55625 0.88984375 0.1375 0.1171875
0 0.75703125 0.47265625 0.045312500000000006 0.06406250000000001
0 0.7109375 0.48281250000000003 0.040625 0.034375
0 0.64453125 0.4703125 0.060937500000000006 0.043750000000000004
0 0.62109375 0.42734375 0.0171875 0.0203125
0 0.5625 0.47187500000000004 0.10312500000000001 0.146875
0 0.70859375 0.3953125 0.0703125 0.0625
0 0.65 0.35781250000000003 0.065625 0.06875
0 0.7156250000000001 0.30000000000000004 0.1125 0.115625
0 0.42812500000000003 0.32343750000000004 0.03125 0.037500000000000006
0 0.478125 0.47968750000000004 0.034375 0.03125
0 0.38046875 0.5710937500000001 0.2234375 0.2078125
0 0.21796875000000002 0.53671875 0.11093750000000001 0.1171875
0 0.32109375 0.33359375 0.09843750000000001 0.1078125
0 0.25234375000000003 0.37812500000000004 0.0421875 0.037500000000000006
0 0.1625 0.42578125 0.037500000000000006 0.0421875
