0 0.28828125 0.3015625 0.19843750000000002 0.19375
0 0.47500000000000003 0.33046875000000003 0.153125 0.1859375
0 0.3484375 0.39140625 0.043750000000000004 0.045312500000000006
0 0.39375000000000004 0.37421875000000004 0.03125 0.0421875
0 0.37890625 0.496875 0.051562500000000004 0.0625
0 0.32734375000000004 0.44453125000000004 0.0234375 0.0421875
0 0.21796875000000002 0.44765625000000003 0.026562500000000003 0.0328125
0 0.36796875 0.5625 0.026562500000000003 0.03125
0 0.50546875 0.67734375 0.035937500000000004 0.0421875
0 0.53828125 0.6875 0.0921875 0.12812500000000002
0 0.59296875 0.7109375 0.029687500000000002 0.034375
0 0.5921875 0.9007812500000001 0.043750000000000004 0.0421875
0 0.66953125 0.92578125 0.0671875 0.0765625
0 0.5875 0.53515625 0.065625 0.060937500000000006
0 0.70859375 0.59921875 0.20468750000000002 0.1484375
0 0.7000000000000001 0.23203125000000002 0.08750000000000001 0.13593750000000002
0 0.7984375 0.2390625 0.134375 0.09375
0 0.5453125 0.7953125000000001 0.018750000000000003 0.028125
0 0.51796875 0.4546875 0.11406250000000001 0.07187500000000001
