0 0.20078125000000002 0.49453125000000003 0.2234375 0.22031250000000002
0 0.36562500000000003 0.40156250000000004 0.184375 0.203125
0 0.3046875 0.5281250000000001 0.05 0.05
0 0.32890625 0.4859375 0.0390625 0.043750000000000004
0 0.39375000000000004 0.59140625 0.0625 0.0671875
0 0.321875 0.58203125 0.03125 0.0421875
0 0.23593750000000002 0.6531250000000001 0.03125 0.034375
0 0.4265625 0.65 0.03125 0.034375
0 0.6046875 0.6546875000000001 0.040625 0.046875
0 0.63671875 0.6414062500000001 0.11406250000000001 0.13593750000000002
0 0.69453125 0.6265625 0.035937500000000004 0.037500000000000006
0 0.8109375000000001 0.7765625 0.05 0.05
0 0.8875000000000001 0.7484375000000001 0.078125 0.084375
0 0.58125 0.4921875 0.07187500000000001 0.06875
0 0.71640625 0.46718750000000003 0.2171875 0.184375
0 0.48125 0.184375 0.1125 0.140625
0 0.5640625 0.12890625 0.140625 0.1171875
0 0.71015625 0.72265625 0.0234375 0.029687500000000002
0 0.47734375 0.47265625 0.1171875 0.0921875
