0 0.74921875 0.4234375 0.035937500000000004 0.040625
0 0.6062500000000001 0.56171875 0.10625000000000001 0.0890625
0 0.60859375 0.634375 0.035937500000000004 0.05625
0 0.6046875 0.6976562500000001 0.025 0.0328125
0 0.6171875 0.7359375 0.05625 0.043750000000000004
0 0.7109375 0.6265625 0.065625 0.05625
0 0.6828125 0.68359375 0.05 0.060937500000000006
0 0.78046875 0.6820312500000001 0.09843750000000001 0.07968750000000001
0 0.5398437500000001 0.36328125 0.0421875 0.0484375
0 0.4765625 0.3375 0.034375 0.025
0 0.4390625 0.36796875 0.037500000000000006 0.0421875
0 0.4375 0.41718750000000004 0.05 0.040625
0 0.3953125 0.41796875 0.025 0.0328125
0 0.32421875 0.34375 0.1453125 0.19687500000000002
0 0.446875 0.23046875 0.040625 0.0328125
0 0.48125 0.5750000000000001 0.046875 0.05
0 0.40625 0.496875 0.16562500000000002 0.14375000000000002
0 0.54140625 0.49843750000000003 0.0765625 0.096875
0 0.33906250000000004 0.6179687500000001 0.24375000000000002 0.1609375
