0 0.253125 0.40546875000000004 0.20625000000000002 0.1453125
0 0.4234375 0.46953125 0.115625 0.1796875
0 0.29375 0.5125000000000001 0.040625 0.043750000000000004
0 0.34140625 0.5078125 0.0328125 0.043750000000000004
0 0.30703125000000003 0.609375 0.051562500000000004 0.05
0 0.39375000000000004 0.7859375000000001 0.034375 0.034375
0 0.43593750000000003 0.5867187500000001 0.10312500000000001 0.0921875
0 0.27265625 0.55390625 0.029687500000000002 0.0328125
0 0.53046875 0.465625 0.13593750000000002 0.125
0 0.5765625 0.55234375 0.06875 0.06406250000000001
0 0.703125 0.5203125000000001 0.25625000000000003 0.240625
0 0.16328125000000002 0.54453125 0.035937500000000004 0.0390625
