0 0.3953125 0.43593750000000003 0.040625 0.040625
0 0.57578125 0.35625 0.06406250000000001 0.0625
0 0.22890625 0.5140625 0.11406250000000001 0.10312500000000001
0 0.30078125 0.45156250000000003 0.09843750000000001 0.12187500000000001
0 0.26015625000000003 0.6171875 0.051562500000000004 0.0625
0 0.21953125 0.6468750000000001 0.0671875 0.07500000000000001
0 0.15000000000000002 0.5867187500000001 0.13125 0.1546875
0 0.43046875 0.696875 0.11406250000000001 0.17500000000000002
0 0.46875 0.7265625 0.034375 0.034375
0 0.4625 0.75 0.065625 0.07187500000000001
0 0.49375 0.8500000000000001 0.07187500000000001 0.065625
0 0.5734375 0.8601562500000001 0.096875 0.1046875
0 0.60859375 0.80859375 0.035937500000000004 0.0328125
0 0.55703125 0.6953125 0.1328125 0.11875000000000001
0 0.6546875000000001 0.7406250000000001 0.096875 0.12187500000000001
0 0.5085937500000001 0.5632812500000001 0.0390625 0.0390625
0 0.60859375 0.546875 0.0421875 0.037500000000000006
