0 0.6882812500000001 0.36875 0.051562500000000004 0.043750000000000004
0 0.8070312500000001 0.540625 0.0671875 0.053125000000000006
0 0.5476562500000001 0.62421875 0.029687500000000002 0.029687500000000002
0 0.5890625 0.6570312500000001 0.028125 0.029687500000000002
0 0.57265625 0.6687500000000001 0.0234375 0.028125
0 0.5421875 0.6875 0.025 0.025
0 0.34765625 0.41171875 0.029687500000000002 0.035937500000000004
0 0.37421875000000004 0.32656250000000003 0.029687500000000002 0.03125
0 0.35781250000000003 0.34921875 0.025 0.0328125
0 0.3140625 0.3359375 0.037500000000000006 0.046875
