0 0.35390625000000003 0.5453125 0.0421875 0.040625
0 0.44453125000000004 0.34765625 0.0671875 0.06406250000000001
0 0.27578125000000003 0.7312500000000001 0.1203125 0.10312500000000001
0 0.2890625 0.6265625 0.096875 0.13125
0 0.3765625 0.79296875 0.053125000000000006 0.0671875
0 0.36562500000000003 0.846875 0.06875 0.08125
0 0.26406250000000003 0.8484375000000001 0.13125 0.16562500000000002
0 0.5750000000000001 0.73359375 0.10312500000000001 0.1953125
0 0.628125 0.73046875 0.034375 0.035937500000000004
0 0.63984375 0.753125 0.0671875 0.07500000000000001
0 0.7390625000000001 0.8125 0.07500000000000001 0.06875
0 0.81171875 0.76171875 0.09843750000000001 0.11093750000000001
0 0.80234375 0.69453125 0.0390625 0.0328125
0 0.67734375 0.63984375 0.1421875 0.1203125
0 0.790625 0.6039062500000001 0.09375 0.1328125
0 0.540625 0.56640625 0.040625 0.0390625
0 0.6109375 0.47890625000000003 0.046875 0.035937500000000004
