0 0.7875000000000001 0.63671875 0.12812500000000002 0.0671875
0 0.7984375 0.50546875 0.09062500000000001 0.045312500000000006
0 0.6273437500000001 0.5750000000000001 0.0421875 0.021875000000000002
0 0.69296875 0.61875 0.051562500000000004 0.05
0 0.6781250000000001 0.5281250000000001 0.021875000000000002 0.018750000000000003
0 0.6218750000000001 0.46015625000000004 0.10312500000000001 0.1234375
0 0.7859375000000001 0.37109375 0.025 0.029687500000000002
0 0.6234375000000001 0.8609375 0.146875 0.16875
0 0.5078125 0.70703125 0.037500000000000006 0.029687500000000002
0 0.496875 0.64375 0.05 0.05625
0 0.50625 0.5609375 0.037500000000000006 0.021875000000000002
0 0.41484375 0.56171875 0.0890625 0.060937500000000006
