0 0.259375 0.5789062500000001 0.12812500000000002 0.08281250000000001
0 0.27265625 0.45703125 0.0921875 0.0578125
0 0.41640625000000003 0.5515625000000001 0.0421875 0.028125
0 0.3484375 0.5796875 0.05625 0.053125000000000006
0 0.37890625 0.49843750000000003 0.0234375 0.021875000000000002
0 0.4421875 0.446875 0.115625 0.13125
0 0.309375 0.3359375 0.028125 0.03125
0 0.36875 0.8140625 0.16562500000000002 0.18125000000000002
0 0.50234375 0.69453125 0.0390625 0.0328125
0 0.525 0.63828125 0.05625 0.060937500000000006
0 0.53125 0.56015625 0.037500000000000006 0.026562500000000003
0 0.6140625000000001 0.578125 0.09062500000000001 0.07187500000000001
