0 0.171875 0.8171875000000001 0.08125 0.053125000000000006
0 0.353125 0.7664062500000001 0.14375000000000002 0.0703125
0 0.34375 0.84296875 0.053125000000000006 0.0421875
0 0.8984375 0.6671875 0.05 0.040625
0 0.7171875000000001 0.49375 0.09375 0.065625
0 0.6765625000000001 0.2609375 0.0625 0.059375000000000004
0 0.421875 0.55234375 0.05625 0.0578125
0 0.20468750000000002 0.5593750000000001 0.1375 0.053125000000000006
0 0.40078125000000003 0.35546875 0.0671875 0.0203125
0 0.8093750000000001 0.39375000000000004 0.043750000000000004 0.034375
