0 0.8148437500000001 0.7132812500000001 0.07968750000000001 0.1296875
0 0.759375 0.65234375 0.046875 0.035937500000000004
0 0.6960937500000001 0.66796875 0.029687500000000002 0.0328125
0 0.584375 0.73359375 0.1125 0.1171875
0 0.40234375 0.74765625 0.26406250000000003 0.2015625
0 0.596875 0.6039062500000001 0.05625 0.0546875
0 0.59140625 0.3671875 0.0671875 0.08125
0 0.45703125 0.44375000000000003 0.0390625 0.034375
0 0.43828125 0.4078125 0.0328125 0.034375
0 0.91953125 0.3984375 0.0859375 0.078125
0 0.9031250000000001 0.35390625000000003 0.040625 0.026562500000000003
0 0.7828125 0.40078125000000003 0.16875 0.1640625
0 0.6585937500000001 0.403125 0.026562500000000003 0.037500000000000006
0 0.71875 0.52890625 0.053125000000000006 0.0328125
