0 0.18984375 0.5085937500000001 0.045312500000000006 0.035937500000000004
0 0.23984375000000002 0.48984375 0.0421875 0.0484375
0 0.27734375 0.4734375 0.0328125 0.040625
0 0.34453125 0.46875 0.051562500000000004 0.046875
0 0.33203125 0.41796875 0.0390625 0.045312500000000006
0 0.41015625 0.44062500000000004 0.1046875 0.0625
0 0.53125 0.5320312500000001 0.059375000000000004 0.0484375
0 0.5671875000000001 0.584375 0.040625 0.034375
0 0.634375 0.61875 0.0625 0.08750000000000001
0 0.7039062500000001 0.7093750000000001 0.0234375 0.028125
0 0.7203125 0.35781250000000003 0.209375 0.33125000000000004
