0 0.6664062500000001 0.3875 0.0921875 0.215625
0 0.59609375 0.584375 0.0765625 0.043750000000000004
0 0.42109375000000004 0.60546875 0.0578125 0.0484375
0 0.43359375 0.54140625 0.035937500000000004 0.026562500000000003
0 0.31640625 0.6585937500000001 0.029687500000000002 0.035937500000000004
0 0.32265625000000003 0.71015625 0.060937500000000006 0.0421875
0 0.3875 0.7265625 0.043750000000000004 0.046875
0 0.5242187500000001 0.7515625 0.2265625 0.209375
0 0.16484375 0.80234375 0.2703125 0.15156250000000002
0 0.15000000000000002 0.6335937500000001 0.028125 0.0421875
0 0.44375000000000003 0.37109375 0.03125 0.026562500000000003
0 0.35078125000000004 0.7757812500000001 0.029687500000000002 0.026562500000000003
