0 0.6203125 0.3796875 0.14375000000000002 0.203125
0 0.6265625 0.5593750000000001 0.07500000000000001 0.059375000000000004
0 0.49296875 0.63203125 0.060937500000000006 0.0578125
0 0.48281250000000003 0.57734375 0.037500000000000006 0.0328125
0 0.42578125 0.70859375 0.035937500000000004 0.0390625
0 0.446875 0.7484375000000001 0.0625 0.053125000000000006
0 0.5046875000000001 0.73984375 0.05 0.051562500000000004
0 0.62265625 0.7171875000000001 0.2484375 0.240625
0 0.35000000000000003 0.87265625 0.265625 0.2078125
0 0.284375 0.74140625 0.037500000000000006 0.0421875
0 0.43671875000000004 0.4375 0.0328125 0.03125
0 0.49062500000000003 0.7914062500000001 0.03125 0.029687500000000002
