0 0.540625 0.80625 0.034375 0.034375
0 0.6781250000000001 0.890625 0.284375 0.21875
0 0.40390625 0.7445312500000001 0.2234375 0.2078125
0 0.5265625 0.74921875 0.053125000000000006 0.051562500000000004
0 0.5890625 0.7601562500000001 0.07187500000000001 0.06406250000000001
0 0.61328125 0.721875 0.035937500000000004 0.040625
0 0.546875 0.640625 0.065625 0.065625
0 0.56171875 0.58125 0.0421875 0.034375
0 0.759375 0.7679687500000001 0.037500000000000006 0.0421875
0 0.25625000000000003 0.53046875 0.44375000000000003 0.4703125
0 0.4375 0.36484375 0.134375 0.18281250000000002
0 0.61875 0.43671875000000004 0.034375 0.029687500000000002
