0 0.17343750000000002 0.45234375000000004 0.053125000000000006 0.0546875
0 0.22578125000000002 0.44375000000000003 0.0546875 0.0625
0 0.27109375 0.43281250000000004 0.045312500000000006 0.05
0 0.33984375 0.4390625 0.0546875 0.0625
0 0.3296875 0.38203125000000004 0.046875 0.0546875
0 0.415625 0.41875 0.11875000000000001 0.09375
0 0.43125 0.77734375 0.14375000000000002 0.2390625
0 0.6273437500000001 0.6375000000000001 0.08281250000000001 0.1
0 0.6859375000000001 0.7507812500000001 0.03125 0.0328125
0 0.7562500000000001 0.3796875 0.275 0.38125000000000003
