0 0.31953125000000004 0.478125 0.051562500000000004 0.028125
0 0.43046875 0.58828125 0.045312500000000006 0.051562500000000004
0 0.41171875 0.721875 0.11093750000000001 0.115625
0 0.5953125 0.7835937500000001 0.246875 0.1796875
0 0.17421875 0.6468750000000001 0.060937500000000006 0.12187500000000001
0 0.25 0.6015625 0.037500000000000006 0.021875000000000002
0 0.31093750000000003 0.63203125 0.028125 0.0234375
0 0.27968750000000003 0.33125000000000004 0.15625 0.15000000000000002
0 0.415625 0.34765625 0.040625 0.0546875
0 0.146875 0.30234375 0.078125 0.0671875
0 0.1703125 0.2625 0.043750000000000004 0.021875000000000002
0 0.48984375 0.34453125 0.060937500000000006 0.0703125
0 0.7609375 0.43125 0.290625 0.2
0 0.28359375000000003 0.7546875000000001 0.029687500000000002 0.021875000000000002
