0 0.10078125 0.6640625 0.1796875 0.12187500000000001
0 0.2609375 0.7765625 0.059375000000000004 0.053125000000000006
0 0.34453125 0.8421875000000001 0.0578125 0.059375000000000004
0 0.13671875 0.9453125 0.1203125 0.109375
0 0.0390625 0.8890625000000001 0.07187500000000001 0.134375
0 0.35625 0.73359375 0.11875000000000001 0.0578125
0 0.35625 0.59921875 0.05 0.0484375
0 0.19687500000000002 0.48515625 0.115625 0.0859375
0 0.08671875000000001 0.52890625 0.051562500000000004 0.0328125
0 0.37265625 0.403125 0.045312500000000006 0.0625
0 0.1453125 0.25390625 0.028125 0.0234375
0 0.44375000000000003 0.47500000000000003 0.12812500000000002 0.1
0 0.58828125 0.46640625 0.029687500000000002 0.029687500000000002
0 0.6203125 0.67578125 0.028125 0.0421875
0 0.69140625 0.578125 0.1296875 0.28125
