0 0.91328125 0.5546875 0.0484375 0.037500000000000006
0 0.7976562500000001 0.5164062500000001 0.1328125 0.07968750000000001
0 0.65546875 0.46718750000000003 0.0671875 0.125
0 0.8914062500000001 0.68515625 0.1703125 0.1171875
0 0.85859375 0.9460937500000001 0.1171875 0.1078125
0 0.734375 0.7664062500000001 0.09375 0.08281250000000001
0 0.6578125 0.8484375000000001 0.046875 0.053125000000000006
0 0.50546875 0.7742187500000001 0.0671875 0.0890625
0 0.5710937500000001 0.62265625 0.0421875 0.045312500000000006
0 0.4078125 0.68671875 0.03125 0.0390625
0 0.34140625 0.71015625 0.026562500000000003 0.035937500000000004
0 0.34921875 0.5796875 0.13593750000000002 0.246875
0 0.9476562500000001 0.8984375 0.060937500000000006 0.125
