0 0.9148437500000001 0.53671875 0.1703125 0.16718750000000002
0 0.82421875 0.6890625 0.0703125 0.065625
0 0.77265625 0.7742187500000001 0.0703125 0.0703125
0 0.9593750000000001 0.7976562500000001 0.08125 0.13593750000000002
0 1.0 0.71484375 0.0 0.1421875
0 0.72578125 0.6820312500000001 0.1234375 0.0890625
0 0.6820312500000001 0.5632812500000001 0.060937500000000006 0.0578125
0 0.78515625 0.41015625 0.1296875 0.11406250000000001
0 0.8968750000000001 0.41328125000000004 0.05625 0.045312500000000006
0 0.6039062500000001 0.3953125 0.060937500000000006 0.06875
0 0.75546875 0.18984375 0.0328125 0.029687500000000002
0 0.5640625 0.48203125 0.146875 0.1296875
0 0.43359375 0.52109375 0.035937500000000004 0.035937500000000004
0 0.47421875 0.7171875000000001 0.0390625 0.046875
0 0.3796875 0.6546875000000001 0.20625000000000002 0.290625
