0 0.62890625 0.565625 0.045312500000000006 0.046875
0 0.6648437500000001 0.41875 0.045312500000000006 0.040625
0 0.7273437500000001 0.35468750000000004 0.16718750000000002 0.12812500000000002
0 0.54921875 0.36875 0.045312500000000006 0.03125
0 0.65234375 0.284375 0.0484375 0.05
0 0.55234375 0.4390625 0.0421875 0.046875
0 0.5625 0.478125 0.021875000000000002 0.018750000000000003
0 0.53515625 0.5593750000000001 0.09843750000000001 0.115625
0 0.45390625 0.49921875000000004 0.029687500000000002 0.0421875
0 0.40078125000000003 0.47187500000000004 0.035937500000000004 0.028125
0 0.43671875000000004 0.6046875 0.035937500000000004 0.037500000000000006
0 0.29921875000000003 0.52890625 0.1046875 0.1265625
