0 0.5296875 0.13984375000000002 0.153125 0.17343750000000002
0 0.60703125 0.32265625000000003 0.0328125 0.035937500000000004
0 0.68359375 0.36796875 0.026562500000000003 0.029687500000000002
0 0.6218750000000001 0.45546875000000003 0.05 0.0578125
0 0.70859375 0.49609375 0.24531250000000002 0.16718750000000002
0 0.65390625 0.5906250000000001 0.1046875 0.09062500000000001
0 0.6664062500000001 0.71015625 0.2421875 0.23593750000000002
0 0.45 0.44375000000000003 0.040625 0.046875
0 0.48984375 0.5578125 0.035937500000000004 0.037500000000000006
0 0.3515625 0.3828125 0.1 0.096875
0 0.24375000000000002 0.4296875 0.0625 0.0625
0 0.1859375 0.41484375 0.034375 0.029687500000000002
