0 0.54921875 0.53515625 0.029687500000000002 0.029687500000000002
0 0.534375 0.45156250000000003 0.040625 0.028125
0 0.68515625 0.38046875 0.06406250000000001 0.0765625
0 0.59609375 0.36953125000000003 0.1046875 0.060937500000000006
0 0.7265625 0.46953125 0.040625 0.0203125
0 0.86328125 0.58515625 0.029687500000000002 0.029687500000000002
0 0.75546875 0.5859375 0.0484375 0.037500000000000006
0 0.6976562500000001 0.521875 0.0203125 0.028125
0 0.7210937500000001 0.49531250000000004 0.0171875 0.025
0 0.6507812500000001 0.66328125 0.0203125 0.0234375
0 0.6296875000000001 0.690625 0.05625 0.05
0 0.76953125 0.6859375000000001 0.06406250000000001 0.053125000000000006
0 0.69921875 0.7125 0.0234375 0.03125
0 0.5125000000000001 0.70078125 0.053125000000000006 0.08281250000000001
