0 0.7000000000000001 0.65 0.046875 0.034375
0 0.63046875 0.72265625 0.0921875 0.09843750000000001
0 0.53671875 0.6984375 0.1265625 0.096875
0 0.5125000000000001 0.58046875 0.134375 0.1171875
0 0.43281250000000004 0.5125000000000001 0.065625 0.07187500000000001
0 0.38515625000000003 0.47890625000000003 0.0578125 0.060937500000000006
0 0.35390625000000003 0.49375 0.1046875 0.12187500000000001
0 0.58046875 0.33828125000000003 0.07968750000000001 0.09531250000000001
0 0.5484375 0.43281250000000004 0.19375 0.16875
0 0.6898437500000001 0.41015625 0.0734375 0.0765625
0 0.64453125 0.48281250000000003 0.0703125 0.1
0 0.775 0.54609375 0.05625 0.051562500000000004
0 0.82734375 0.45234375000000004 0.07968750000000001 0.0734375
0 0.7679687500000001 0.39453125 0.029687500000000002 0.035937500000000004
0 0.8835937500000001 0.58828125 0.035937500000000004 0.0390625
0 0.696875 0.5867187500000001 0.025 0.0328125
0 0.7109375 0.62421875 0.025 0.0234375
0 0.89375 0.51875 0.03125 0.034375
