0 0.45859375 0.65625 0.045312500000000006 0.037500000000000006
0 0.5085937500000001 0.7390625000000001 0.1265625 0.19687500000000002
0 0.43515625 0.8562500000000001 0.1203125 0.1625
0 0.625 0.4625 0.059375000000000004 0.059375000000000004
0 0.85859375 0.6687500000000001 0.035937500000000004 0.03125
0 0.4734375 0.37421875000000004 0.05625 0.0546875
0 0.47734375 0.21796875000000002 0.051562500000000004 0.0421875
0 0.25703125 0.44453125000000004 0.09531250000000001 0.1171875
0 0.11171875 0.46640625 0.0390625 0.051562500000000004
0 0.10625000000000001 0.390625 0.037500000000000006 0.03125
