0 0.34140625 0.796875 0.3453125 0.30625
0 0.1609375 0.71640625 0.053125000000000006 0.0421875
0 0.22734375 0.6726562500000001 0.0234375 0.0328125
0 0.2921875 0.6179687500000001 0.040625 0.0421875
0 0.1609375 0.6421875 0.084375 0.05
0 0.4140625 0.49140625000000004 0.028125 0.035937500000000004
0 0.40937500000000004 0.384375 0.09062500000000001 0.06875
0 0.5953125 0.47421875 0.115625 0.11093750000000001
0 0.7109375 0.62109375 0.046875 0.0734375
0 0.5125000000000001 0.521875 0.025 0.03125
0 0.5328125 0.5609375 0.021875000000000002 0.028125
