0 0.73984375 0.63671875 0.09531250000000001 0.1203125
0 0.6390625000000001 0.7296875 0.321875 0.38125000000000003
0 0.6156250000000001 0.5242187500000001 0.1375 0.1171875
0 0.4921875 0.66171875 0.11875000000000001 0.1765625
0 0.52890625 0.7921875 0.06406250000000001 0.084375
0 0.5046875000000001 0.846875 0.05625 0.053125000000000006
0 0.478125 0.7406250000000001 0.040625 0.043750000000000004
0 0.46406250000000004 0.78515625 0.06875 0.0578125
0 0.6507812500000001 0.41718750000000004 0.0546875 0.05
0 0.6046875 0.22578125000000002 0.225 0.2609375
