0 0.7093750000000001 0.7671875 0.10312500000000001 0.125
0 0.5609375 0.753125 0.321875 0.371875
0 0.73046875 0.69921875 0.0484375 0.045312500000000006
0 0.50234375 0.5921875 0.1203125 0.17500000000000002
0 0.421875 0.7054687500000001 0.0625 0.08281250000000001
0 0.3609375 0.72421875 0.06875 0.060937500000000006
0 0.42500000000000004 0.63046875 0.046875 0.0484375
0 0.38906250000000003 0.6453125000000001 0.09062500000000001 0.06875
0 0.44140625 0.571875 0.029687500000000002 0.03125
0 0.82578125 0.40937500000000004 0.21406250000000002 0.265625
