0 0.7265625 0.75 0.18125000000000002 0.15000000000000002
0 0.90546875 0.69296875 0.060937500000000006 0.0546875
0 0.93125 0.584375 0.109375 0.1
0 0.8250000000000001 0.5164062500000001 0.09062500000000001 0.1046875
0 0.6125 0.50390625 0.07187500000000001 0.17343750000000002
0 0.53671875 0.503125 0.0328125 0.028125
0 0.4859375 0.35625 0.05 0.040625
0 0.60859375 0.37578125 0.060937500000000006 0.08281250000000001
0 0.48046875 0.47109375000000003 0.035937500000000004 0.0421875
0 0.6976562500000001 0.509375 0.0328125 0.078125
