0 0.309375 0.48671875000000003 0.028125 0.0765625
0 0.4421875 0.46328125000000003 0.146875 0.20468750000000002
0 0.41328125000000004 0.34375 0.0421875 0.037500000000000006
0 0.53671875 0.31640625 0.0578125 0.0546875
0 0.45859375 0.5710937500000001 0.15781250000000002 0.11406250000000001
0 0.58828125 0.7117187500000001 0.17343750000000002 0.1421875
0 0.265625 0.7359375 0.15000000000000002 0.1375
0 0.171875 0.49609375 0.10625000000000001 0.1203125
0 0.06015625 0.57578125 0.1171875 0.09531250000000001
0 0.06875 0.6804687500000001 0.03125 0.0328125
