0 0.33671875 0.3609375 0.0765625 0.115625
0 0.45703125 0.29453125 0.2671875 0.3640625
0 0.43203125000000003 0.5 0.1296875 0.1
0 0.58359375 0.39296875000000003 0.0859375 0.1796875
0 0.578125 0.2578125 0.05 0.08125
0 0.61484375 0.21015625000000002 0.051562500000000004 0.045312500000000006
0 0.61640625 0.31953125000000004 0.035937500000000004 0.0390625
0 0.63984375 0.27890625 0.06406250000000001 0.0484375
0 0.37265625 0.59609375 0.051562500000000004 0.045312500000000006
0 0.375 0.79453125 0.1875 0.2484375
