0 0.6898437500000001 0.40859375000000003 0.2484375 0.18281250000000002
0 0.51484375 0.47187500000000004 0.15156250000000002 0.134375
0 0.35000000000000003 0.4765625 0.15937500000000002 0.184375
0 0.2828125 0.5546875 0.05625 0.05
0 0.33203125 0.6375000000000001 0.060937500000000006 0.05
0 0.275 0.43203125000000003 0.1125 0.11093750000000001
0 0.215625 0.33828125000000003 0.115625 0.11093750000000001
0 0.35078125000000004 0.2234375 0.26406250000000003 0.259375
0 0.478125 0.24375000000000002 0.09375 0.13125
0 0.4578125 0.33437500000000003 0.040625 0.05
0 0.52265625 0.29765625 0.0328125 0.0328125
0 0.578125 0.225 0.05625 0.065625
0 0.5859375 0.284375 0.07500000000000001 0.06875
0 0.4078125 0.58515625 0.034375 0.0421875
