0 0.19687500000000002 0.59921875 0.09375 0.1296875
0 0.33046875000000003 0.690625 0.29531250000000003 0.384375
0 0.225 0.52734375 0.05 0.0421875
0 0.49140625000000004 0.5945312500000001 0.09843750000000001 0.1921875
0 0.48125 0.74609375 0.053125000000000006 0.0890625
0 0.51953125 0.8031250000000001 0.0703125 0.05625
0 0.5296875 0.6820312500000001 0.043750000000000004 0.0484375
0 0.55 0.71875 0.096875 0.059375000000000004
0 0.5578125 0.6203125 0.028125 0.03125
0 0.34687500000000004 0.2171875 0.19062500000000002 0.28125
