0 0.37031250000000004 0.59140625 0.053125000000000006 0.0703125
0 0.4625 0.51796875 0.19687500000000002 0.2171875
0 0.39140625 0.43828125 0.0484375 0.045312500000000006
0 0.47578125000000004 0.36640625000000004 0.0671875 0.0671875
0 0.5203125000000001 0.5945312500000001 0.16875 0.15156250000000002
0 0.67734375 0.6492187500000001 0.1921875 0.1796875
0 0.4390625 0.80078125 0.171875 0.16718750000000002
0 0.26875 0.6546875000000001 0.13125 0.1375
0 0.215625 0.76171875 0.12812500000000002 0.1203125
0 0.265625 0.8390625 0.037500000000000006 0.037500000000000006
