0 0.6492187500000001 0.296875 0.0671875 0.11875000000000001
0 0.5078125 0.2734375 0.246875 0.36562500000000003
0 0.6039062500000001 0.46796875000000004 0.1296875 0.0921875
0 0.41640625000000003 0.41640625000000003 0.0703125 0.1859375
0 0.375 0.27968750000000003 0.043750000000000004 0.084375
0 0.32109375 0.24609375 0.051562500000000004 0.0421875
0 0.35781250000000003 0.35546875 0.034375 0.0390625
0 0.32109375 0.32343750000000004 0.06406250000000001 0.043750000000000004
0 0.696875 0.54296875 0.05 0.0421875
0 0.76484375 0.7390625000000001 0.17343750000000002 0.25
