0 0.6578125 0.596875 0.046875 0.065625
0 0.55234375 0.56875 0.1765625 0.2
0 0.534375 0.6664062500000001 0.043750000000000004 0.0421875
0 0.43359375 0.6453125000000001 0.060937500000000006 0.059375000000000004
0 0.5765625 0.484375 0.153125 0.1375
0 0.5296875 0.3375 0.17500000000000002 0.1625
0 0.7734375 0.42890625000000004 0.15625 0.15156250000000002
0 0.76171875 0.6351562500000001 0.1171875 0.1234375
0 0.8703125 0.6140625000000001 0.11875000000000001 0.109375
0 0.8992187500000001 0.53515625 0.0328125 0.035937500000000004
