0 0.23359375000000002 0.39765625000000004 0.051562500000000004 0.0546875
0 0.2671875 0.43281250000000004 0.053125000000000006 0.059375000000000004
0 0.2921875 0.46171875 0.053125000000000006 0.0546875
0 0.3484375 0.49296875 0.05625 0.0546875
0 0.3125 0.5320312500000001 0.043750000000000004 0.0484375
0 0.3953125 0.5453125 0.109375 0.08750000000000001
0 0.44062500000000004 0.6195312500000001 0.046875 0.051562500000000004
0 0.41484375 0.6859375000000001 0.0765625 0.10625000000000001
0 0.5828125000000001 0.66796875 0.215625 0.1453125
0 0.60703125 0.78828125 0.2421875 0.1953125
0 0.65390625 0.5 0.2859375 0.309375
0 0.54609375 0.2484375 0.0734375 0.084375
0 0.5453125 0.328125 0.03125 0.037500000000000006
0 0.47187500000000004 0.43046875 0.037500000000000006 0.0421875
0 0.46406250000000004 0.33203125 0.140625 0.1546875
0 0.48046875 0.2390625 0.0421875 0.043750000000000004
