0 0.246875 0.46718750000000003 0.16562500000000002 0.11875000000000001
0 0.20390625 0.55859375 0.0765625 0.0578125
0 0.27968750000000003 0.596875 0.046875 0.0625
0 0.434375 0.59921875 0.018750000000000003 0.0234375
0 0.50234375 0.6531250000000001 0.0859375 0.09062500000000001
0 0.6273437500000001 0.6257812500000001 0.0734375 0.0546875
0 0.32421875 0.40546875000000004 0.2734375 0.2171875
0 0.5453125 0.321875 0.134375 0.09062500000000001
0 0.38515625000000003 0.16875 0.1078125 0.078125
0 0.49140625000000004 0.17109375000000002 0.0328125 0.0328125
0 0.4765625 0.31484375000000003 0.025 0.0203125
