0 0.41015625 0.44062500000000004 0.0859375 0.09375
0 0.5554687500000001 0.45390625 0.0328125 0.0328125
0 0.51171875 0.38671875 0.0921875 0.0734375
0 0.540625 0.61875 0.33437500000000003 0.30312500000000003
0 0.5625 0.5078125 0.053125000000000006 0.046875
0 0.56796875 0.55625 0.051562500000000004 0.05
0 0.58203125 0.47968750000000004 0.0328125 0.034375
0 0.37343750000000003 0.22187500000000002 0.09375 0.07187500000000001
0 0.35859375000000004 0.30000000000000004 0.1703125 0.109375
0 0.278125 0.3515625 0.059375000000000004 0.05625
0 0.28828125 0.40078125000000003 0.035937500000000004 0.035937500000000004
0 0.22890625 0.403125 0.0390625 0.037500000000000006
0 0.534375 0.10625000000000001 0.096875 0.10312500000000001
0 0.5390625 0.29609375 0.040625 0.0390625
