0 0.31484375000000003 0.51171875 0.07968750000000001 0.09843750000000001
0 0.3609375 0.70703125 0.034375 0.0234375
0 0.4265625 0.65234375 0.043750000000000004 0.0546875
0 0.63671875 0.54921875 0.0703125 0.1390625
0 0.7875000000000001 0.5578125 0.096875 0.078125
0 0.78125 0.49375 0.06875 0.06875
0 0.7203125 0.44921875 0.10312500000000001 0.0765625
0 0.71640625 0.5515625000000001 0.026562500000000003 0.037500000000000006
0 0.54921875 0.46328125000000003 0.06406250000000001 0.0765625
0 0.66796875 0.31093750000000003 0.1609375 0.07500000000000001
