0 0.73359375 0.5484375 0.1078125 0.07500000000000001
0 0.6351562500000001 0.57734375 0.060937500000000006 0.0671875
0 0.696875 0.671875 0.140625 0.16562500000000002
0 0.61640625 0.7265625 0.029687500000000002 0.043750000000000004
0 0.734375 0.775 0.043750000000000004 0.046875
0 0.6687500000000001 0.8015625000000001 0.06875 0.084375
0 0.384375 0.6296875000000001 0.246875 0.325
0 0.52734375 0.296875 0.0734375 0.12812500000000002
0 0.546875 0.38046875 0.040625 0.045312500000000006
0 0.6351562500000001 0.42421875000000003 0.1171875 0.0859375
0 0.7234375000000001 0.39296875000000003 0.05 0.0484375
0 0.7171875000000001 0.4453125 0.053125000000000006 0.046875
0 0.7875000000000001 0.4421875 0.046875 0.043750000000000004
0 0.83203125 0.45546875000000003 0.051562500000000004 0.0546875
0 0.8835937500000001 0.46953125 0.0546875 0.051562500000000004
0 0.37578125 0.41484375 0.2421875 0.1265625
0 0.2859375 0.3125 0.26875 0.19062500000000002
