0 0.25234375000000003 0.5453125 0.08281250000000001 0.109375
0 0.27734375 0.30390625000000004 0.0390625 0.0234375
0 0.36484375 0.359375 0.045312500000000006 0.059375000000000004
0 0.6328125 0.45 0.065625 0.1625
0 0.8125 0.415625 0.10625000000000001 0.08125
0 0.8148437500000001 0.49453125000000003 0.0734375 0.0734375
0 0.7484375000000001 0.5578125 0.115625 0.078125
0 0.7273437500000001 0.43515625 0.026562500000000003 0.0421875
0 0.54140625 0.5671875000000001 0.0671875 0.084375
0 0.7078125000000001 0.7312500000000001 0.1875 0.06875
