0 0.7718750000000001 0.8367187500000001 0.065625 0.0671875
0 0.5953125 0.7734375 0.046875 0.0625
0 0.6843750000000001 0.6765625000000001 0.03125 0.028125
0 0.6726562500000001 0.63984375 0.0234375 0.0328125
0 0.8625 0.49375 0.046875 0.040625
0 0.8171875000000001 0.51875 0.040625 0.05625
0 0.77890625 0.54296875 0.035937500000000004 0.045312500000000006
0 0.7093750000000001 0.45859375 0.078125 0.060937500000000006
0 0.6101562500000001 0.45078125 0.051562500000000004 0.0546875
0 0.64609375 0.3484375 0.11406250000000001 0.1375
0 0.565625 0.3125 0.028125 0.037500000000000006
0 0.6640625 0.25 0.037500000000000006 0.043750000000000004
0 0.596875 0.23593750000000002 0.065625 0.06875
0 0.37421875000000004 0.45625000000000004 0.1953125 0.28125
0 0.41250000000000003 0.65234375 0.21875 0.09531250000000001
0 0.34140625 0.76484375 0.2234375 0.1453125
