0 0.83125 0.61640625 0.22187500000000002 0.1171875
0 0.8015625000000001 0.5171875 0.040625 0.034375
0 0.8968750000000001 0.44843750000000004 0.09375 0.084375
0 0.6625000000000001 0.49062500000000003 0.15000000000000002 0.17500000000000002
0 0.57734375 0.37734375000000003 0.1796875 0.11406250000000001
0 0.56953125 0.45546875000000003 0.0421875 0.0328125
0 0.5296875 0.5632812500000001 0.05625 0.045312500000000006
0 0.46015625000000004 0.70078125 0.08281250000000001 0.045312500000000006
0 0.46640625 0.47578125000000004 0.09843750000000001 0.0890625
0 0.39375000000000004 0.4265625 0.06875 0.053125000000000006
0 0.43281250000000004 0.36250000000000004 0.115625 0.078125
