0 0.21250000000000002 0.62421875 0.225 0.11406250000000001
0 0.23984375000000002 0.52265625 0.0421875 0.035937500000000004
0 0.1421875 0.4546875 0.09375 0.084375
0 0.3796875 0.49375 0.15000000000000002 0.17500000000000002
0 0.46406250000000004 0.3765625 0.18125000000000002 0.1125
0 0.47421875 0.45546875000000003 0.0421875 0.0328125
0 0.5164062500000001 0.5632812500000001 0.0546875 0.045312500000000006
0 0.5890625 0.7015625000000001 0.084375 0.043750000000000004
0 0.5789062500000001 0.47421875 0.09843750000000001 0.0890625
0 0.6507812500000001 0.42265625 0.0671875 0.051562500000000004
0 0.6101562500000001 0.35859375000000004 0.11406250000000001 0.0765625
