0 0.40156250000000004 0.91328125 0.08125 0.08281250000000001
0 0.546875 0.7875000000000001 0.0625 0.07187500000000001
0 0.42578125 0.7289062500000001 0.0390625 0.035937500000000004
0 0.42265625 0.6890625 0.0328125 0.037500000000000006
0 0.18906250000000002 0.6195312500000001 0.05625 0.051562500000000004
0 0.2421875 0.6265625 0.05625 0.065625
0 0.28750000000000003 0.63671875 0.046875 0.0546875
0 0.32265625000000003 0.53046875 0.0921875 0.07968750000000001
0 0.41250000000000003 0.48671875000000003 0.065625 0.0671875
0 0.340625 0.403125 0.146875 0.1625
0 0.40468750000000003 0.33906250000000004 0.037500000000000006 0.043750000000000004
0 0.28828125 0.31562500000000004 0.0484375 0.053125000000000006
0 0.34687500000000004 0.27734375 0.08125 0.0859375
0 0.63984375 0.40546875000000004 0.2671875 0.32343750000000004
0 0.67578125 0.6046875 0.23593750000000002 0.153125
0 0.784375 0.6859375000000001 0.25625000000000003 0.203125
