0 0.38203125000000004 0.34296875000000004 0.035937500000000004 0.0421875
0 0.50546875 0.36640625000000004 0.0421875 0.026562500000000003
0 0.51953125 0.2859375 0.051562500000000004 0.07187500000000001
0 0.5867187500000001 0.25703125 0.06406250000000001 0.0890625
0 0.55859375 0.4109375 0.0328125 0.037500000000000006
0 0.66015625 0.44843750000000004 0.029687500000000002 0.034375
0 0.71484375 0.43046875 0.0328125 0.051562500000000004
0 0.55390625 0.51171875 0.0671875 0.0765625
0 0.6062500000000001 0.58828125 0.08125 0.0421875
0 0.44296875 0.74609375 0.08281250000000001 0.0484375
0 0.42812500000000003 0.81171875 0.043750000000000004 0.0234375
0 0.2 0.6585937500000001 0.240625 0.19843750000000002
0 0.27578125000000003 0.47500000000000003 0.026562500000000003 0.034375
