0 0.71484375 0.38671875 0.0421875 0.0484375
0 0.5859375 0.37265625 0.046875 0.0328125
0 0.59609375 0.28984375 0.060937500000000006 0.07968750000000001
0 0.53828125 0.240625 0.0765625 0.1
0 0.52109375 0.40078125000000003 0.0390625 0.0421875
0 0.4078125 0.40859375000000003 0.034375 0.0390625
0 0.36015625 0.37421875000000004 0.0421875 0.0578125
0 0.49453125000000003 0.50234375 0.07968750000000001 0.0859375
0 0.42031250000000003 0.5625 0.08750000000000001 0.05625
0 0.534375 0.7679687500000001 0.09062500000000001 0.060937500000000006
0 0.52890625 0.8367187500000001 0.0484375 0.029687500000000002
0 0.80078125 0.7546875000000001 0.2703125 0.234375
0 0.78125 0.54921875 0.03125 0.0390625
