0 0.4390625 0.4140625 0.07500000000000001 0.0625
0 0.43671875000000004 0.34453125 0.0421875 0.0421875
0 0.4375 0.2234375 0.05625 0.09062500000000001
0 0.62109375 0.39375000000000004 0.0421875 0.0625
0 0.628125 0.47187500000000004 0.053125000000000006 0.053125000000000006
0 0.5906250000000001 0.48984375 0.043750000000000004 0.08281250000000001
0 0.45390625 0.5265625 0.07968750000000001 0.05
0 0.54609375 0.6335937500000001 0.051562500000000004 0.0671875
0 0.375 0.8515625 0.053125000000000006 0.059375000000000004
0 0.5484375 0.9671875000000001 0.034375 0.043750000000000004
0 0.41640625000000003 0.640625 0.1078125 0.12812500000000002
