0 0.19140625 0.46406250000000004 0.0484375 0.046875
0 0.23984375000000002 0.453125 0.0546875 0.05625
0 0.28203125 0.44140625 0.0421875 0.0484375
0 0.34921875 0.4453125 0.0578125 0.053125000000000006
0 0.41953125 0.42890625000000004 0.11093750000000001 0.0859375
0 0.34140625 0.39375000000000004 0.0484375 0.043750000000000004
0 0.50703125 0.3875 0.0390625 0.037500000000000006
0 0.51953125 0.31484375000000003 0.0671875 0.1203125
0 0.32578125 0.5375 0.0890625 0.0625
0 0.415625 0.56640625 0.065625 0.0671875
0 0.359375 0.65625 0.12812500000000002 0.15000000000000002
0 0.43281250000000004 0.7078125000000001 0.028125 0.037500000000000006
0 0.3203125 0.75 0.040625 0.046875
0 0.37890625 0.7765625 0.0671875 0.07500000000000001
0 0.5671875000000001 0.6742187500000001 0.046875 0.0734375
0 0.7390625000000001 0.7515625 0.078125 0.07187500000000001
0 0.659375 0.55 0.034375 0.037500000000000006
0 0.665625 0.5875 0.025 0.028125
0 0.6109375 0.42421875000000003 0.12812500000000002 0.1015625
0 0.7289062500000001 0.43046875 0.0765625 0.045312500000000006
0 0.7578125 0.3453125 0.234375 0.1875
