0 0.5703125 0.39453125 0.025 0.035937500000000004
0 0.5015625 0.33984375 0.09375 0.09531250000000001
0 0.48203125 0.2703125 0.029687500000000002 0.037500000000000006
0 0.45390625 0.46328125000000003 0.060937500000000006 0.06406250000000001
0 0.30078125 0.58046875 0.045312500000000006 0.0484375
0 0.45703125 0.60546875 0.060937500000000006 0.1046875
0 0.49609375 0.5476562500000001 0.0765625 0.0703125
0 0.5164062500000001 0.640625 0.0484375 0.037500000000000006
0 0.52734375 0.59609375 0.0171875 0.0328125
0 0.57578125 0.55 0.0578125 0.09062500000000001
0 0.6414062500000001 0.64765625 0.0234375 0.0171875
0 0.5390625 0.6984375 0.109375 0.08125
0 0.6218750000000001 0.7796875000000001 0.03125 0.028125
