0 0.43671875000000004 0.63671875 0.035937500000000004 0.0421875
0 0.4890625 0.7109375 0.11875000000000001 0.12187500000000001
0 0.48750000000000004 0.78671875 0.040625 0.045312500000000006
0 0.5734375 0.603125 0.078125 0.08125
0 0.7609375 0.53125 0.059375000000000004 0.0625
0 0.61328125 0.45859375 0.0921875 0.1203125
0 0.55625 0.50546875 0.096875 0.0921875
0 0.5640625 0.40703125 0.059375000000000004 0.051562500000000004
0 0.5398437500000001 0.44765625000000003 0.026562500000000003 0.0390625
0 0.478125 0.47968750000000004 0.084375 0.10625000000000001
0 0.44062500000000004 0.36171875000000003 0.028125 0.0234375
0 0.5578125 0.34218750000000003 0.13125 0.1125
0 0.49921875000000004 0.23593750000000002 0.0390625 0.037500000000000006
