0 0.50234375 0.6640625 0.0328125 0.040625
0 0.58515625 0.7054687500000001 0.11093750000000001 0.11406250000000001
0 0.62109375 0.7718750000000001 0.035937500000000004 0.043750000000000004
0 0.60703125 0.56796875 0.0734375 0.0765625
0 0.7367187500000001 0.41328125000000004 0.0546875 0.0578125
0 0.5710937500000001 0.42265625 0.07968750000000001 0.1171875
0 0.5437500000000001 0.49062500000000003 0.09062500000000001 0.084375
0 0.50234375 0.4 0.0546875 0.046875
0 0.5007812500000001 0.44843750000000004 0.0234375 0.037500000000000006
0 0.4625 0.50625 0.07500000000000001 0.10312500000000001
0 0.37265625 0.42109375000000004 0.026562500000000003 0.0203125
0 0.465625 0.34609375000000003 0.125 0.1015625
0 0.36328125 0.28125 0.035937500000000004 0.034375
