0 0.22968750000000002 0.40390625 0.05 0.0484375
0 0.2765625 0.40390625 0.05625 0.0578125
0 0.3171875 0.40078125000000003 0.046875 0.0484375
0 0.37812500000000004 0.41718750000000004 0.059375000000000004 0.05625
0 0.44609375 0.41640625000000003 0.11093750000000001 0.09531250000000001
0 0.38125000000000003 0.36875 0.05 0.046875
0 0.53515625 0.3953125 0.0390625 0.040625
0 0.56015625 0.33125000000000004 0.08281250000000001 0.115625
0 0.33906250000000004 0.49843750000000003 0.08750000000000001 0.07187500000000001
0 0.415625 0.54140625 0.06875 0.0703125
0 0.34609375000000003 0.61328125 0.1390625 0.15156250000000002
0 0.403125 0.675 0.03125 0.037500000000000006
0 0.2921875 0.6921875000000001 0.043750000000000004 0.046875
0 0.340625 0.7289062500000001 0.07187500000000001 0.0765625
0 0.534375 0.67109375 0.053125000000000006 0.0703125
0 0.6781250000000001 0.7757812500000001 0.08125 0.0765625
0 0.6429687500000001 0.5750000000000001 0.035937500000000004 0.037500000000000006
0 0.6421875 0.6101562500000001 0.028125 0.029687500000000002
0 0.6234375000000001 0.44921875 0.12812500000000002 0.11093750000000001
0 0.73046875 0.47890625000000003 0.0734375 0.0546875
0 0.7734375 0.40468750000000003 0.234375 0.20625000000000002
