0 0.55234375 0.65546875 0.029687500000000002 0.0421875
0 0.46796875000000004 0.71875 0.1078125 0.1125
0 0.4421875 0.8015625000000001 0.034375 0.043750000000000004
0 0.41484375 0.56875 0.0703125 0.07500000000000001
0 0.23593750000000002 0.42265625 0.053125000000000006 0.0578125
0 0.42421875000000003 0.39765625000000004 0.0703125 0.1234375
0 0.46875 0.46875 0.09062500000000001 0.08125
0 0.496875 0.35781250000000003 0.05625 0.043750000000000004
0 0.5085937500000001 0.41171875 0.0203125 0.0390625
0 0.56484375 0.46875 0.0671875 0.10625000000000001
0 0.64765625 0.35390625000000003 0.026562500000000003 0.0203125
0 0.5265625 0.2890625 0.12812500000000002 0.09375
0 0.62890625 0.19453125000000002 0.035937500000000004 0.0328125
