0 0.5007812500000001 0.7484375000000001 0.1421875 0.153125
0 0.36953125000000003 0.5609375 0.0328125 0.03125
0 0.39296875000000003 0.43125 0.060937500000000006 0.07500000000000001
0 0.36796875 0.36562500000000003 0.0390625 0.043750000000000004
0 0.21015625000000002 0.47734375 0.0890625 0.07968750000000001
0 0.4734375 0.234375 0.08125 0.09062500000000001
0 0.47890625000000003 0.31875000000000003 0.0390625 0.040625
0 0.54140625 0.21796875000000002 0.0484375 0.0484375
0 0.56796875 0.31484375000000003 0.1484375 0.1640625
0 0.57421875 0.42031250000000003 0.06406250000000001 0.06875
0 0.6687500000000001 0.38828125 0.096875 0.08281250000000001
0 0.67890625 0.6203125 0.0390625 0.043750000000000004
0 0.6062500000000001 0.6351562500000001 0.096875 0.1046875
0 0.72265625 0.675 0.06406250000000001 0.06875
0 0.8 0.71796875 0.059375000000000004 0.06406250000000001
0 0.8914062500000001 0.6742187500000001 0.2171875 0.2890625
0 0.66796875 0.68359375 0.0328125 0.0328125
0 0.7453125 0.7367187500000001 0.040625 0.0421875
