0 0.5337500000000001 0.4516666666666667 0.05 0.06333333333333334
0 0.645 0.3141666666666667 0.0175 0.028333333333333335
0 0.39 0.41833333333333333 0.055 0.07666666666666667
0 0.295625 0.6466666666666667 0.10875 0.14333333333333334
0 0.20125 0.6658333333333334 0.0325 0.035
0 0.205625 0.6041666666666667 0.02375 0.028333333333333335
0 0.4225 0.7250000000000001 0.085 0.15000000000000002
0 0.558125 0.6783333333333333 0.03375 0.07333333333333333
0 0.5725 0.6016666666666667 0.095 0.17333333333333334
0 0.570625 0.8258333333333334 0.03625 0.04833333333333334
0 0.520625 0.8450000000000001 0.10375000000000001 0.14666666666666667
