0 0.603125 0.27416666666666667 0.05375 0.095
0 0.7125 0.31833333333333336 0.065 0.060000000000000005
0 0.4625 0.42500000000000004 0.045 0.05666666666666667
0 0.30062500000000003 0.3141666666666667 0.02125 0.028333333333333335
0 0.555625 0.5858333333333333 0.03375 0.04166666666666667
0 0.591875 0.6066666666666667 0.01625 0.023333333333333334
0 0.61125 0.5366666666666667 0.1 0.07
0 0.48375 0.6658333333333334 0.0475 0.045000000000000005
0 0.5075000000000001 0.6225 0.0275 0.028333333333333335
0 0.555625 0.6966666666666667 0.04625 0.05333333333333334
0 0.61625 0.6883333333333334 0.055 0.06333333333333334
0 0.601875 0.7866666666666667 0.08125 0.11
