0 0.47750000000000004 0.4716666666666667 0.045 0.05666666666666667
0 0.316875 0.41500000000000004 0.02125 0.030000000000000002
0 0.595625 0.33416666666666667 0.058750000000000004 0.08166666666666667
0 0.61625 0.5241666666666667 0.1 0.09166666666666667
0 0.578125 0.5816666666666667 0.03875 0.043333333333333335
0 0.613125 0.5916666666666667 0.01625 0.02
0 0.543125 0.6291666666666667 0.02875 0.025
0 0.5325 0.6733333333333333 0.0475 0.05333333333333334
0 0.5962500000000001 0.68 0.0475 0.05666666666666667
0 0.64375 0.6566666666666667 0.055 0.07333333333333333
0 0.651875 0.7408333333333333 0.08625000000000001 0.12166666666666667
