0 0.45625 0.79 0.0325 0.04666666666666667
0 0.406875 0.7683333333333334 0.10625 0.15000000000000002
0 0.506875 0.6591666666666667 0.03625 0.07500000000000001
0 0.5725 0.25583333333333336 0.1925 0.2316666666666667
0 0.6637500000000001 0.4683333333333334 0.095 0.12333333333333334
0 0.673125 0.5916666666666667 0.07625 0.09000000000000001
0 0.583125 0.5850000000000001 0.09125 0.11
0 0.280625 0.4658333333333334 0.10625 0.14166666666666666
0 0.19625 0.4141666666666667 0.0275 0.035
0 0.225 0.36500000000000005 0.025 0.030000000000000002
