0 0.358125 0.4475 0.09625 0.10500000000000001
0 0.3675 0.5591666666666667 0.085 0.10166666666666667
0 0.436875 0.5625 0.04125 0.065
0 0.42625 0.4891666666666667 0.035 0.058333333333333334
0 0.44125000000000003 0.39916666666666667 0.03 0.05166666666666667
0 0.47250000000000003 0.4166666666666667 0.02 0.03666666666666667
0 0.505625 0.4741666666666667 0.03125 0.04833333333333334
0 0.55 0.5416666666666667 0.045 0.1366666666666667
0 0.495 0.53 0.015 0.023333333333333334
0 0.5 0.8375 0.03 0.045000000000000005
0 0.56375 0.8366666666666667 0.1 0.15000000000000002
0 0.789375 0.5458333333333334 0.10125 0.13833333333333334
0 0.90375 0.5241666666666667 0.03 0.03833333333333334
0 0.881875 0.4575 0.02625 0.021666666666666667
0 0.50875 0.16166666666666668 0.195 0.21333333333333335
0 0.60875 0.5925 0.015 0.035
