0 0.24140625000000002 0.30078125 0.1765625 0.1859375
0 0.3484375 0.25859375 0.046875 0.0546875
0 0.41328125000000004 0.3203125 0.0734375 0.0625
0 0.43125 0.384375 0.040625 0.037500000000000006
0 0.4078125 0.2546875 0.037500000000000006 0.037500000000000006
0 0.58984375 0.27265625 0.026562500000000003 0.026562500000000003
0 0.5398437500000001 0.35781250000000003 0.1953125 0.19687500000000002
0 0.7046875 0.40468750000000003 0.12187500000000001 0.12812500000000002
0 0.49531250000000004 0.22421875000000002 0.03125 0.0328125
0 0.3375 0.48984375 0.08750000000000001 0.0765625
0 0.41640625000000003 0.540625 0.060937500000000006 0.065625
0 0.6429687500000001 0.61640625 0.029687500000000002 0.0328125
0 0.52890625 0.67578125 0.0578125 0.0671875
0 0.496875 0.7289062500000001 0.040625 0.0484375
0 0.66953125 0.7835937500000001 0.0859375 0.0765625
0 0.328125 0.7265625 0.078125 0.08125
0 0.3953125 0.6726562500000001 0.034375 0.035937500000000004
0 0.33828125000000003 0.609375 0.1421875 0.153125
0 0.28125 0.6843750000000001 0.046875 0.046875
0 0.26171875 0.42734375 0.0390625 0.0328125
