0 0.55875 0.24750000000000003 0.24 0.325
0 0.49062500000000003 0.3825 0.04875 0.085
0 0.48625 0.49250000000000005 0.0425 0.06166666666666667
0 0.640625 0.4916666666666667 0.12125 0.14333333333333334
0 0.4225 0.26166666666666666 0.0375 0.05333333333333334
0 0.373125 0.2916666666666667 0.11625 0.16333333333333333
0 0.28125 0.6341666666666667 0.1225 0.165
0 0.19187500000000002 0.7083333333333334 0.03875 0.05333333333333334
0 0.231875 0.7491666666666668 0.02375 0.028333333333333335
0 0.608125 0.7941666666666667 0.21625 0.26833333333333337
