0 0.6492187500000001 0.39375000000000004 0.0734375 0.11875000000000001
0 0.49921875000000004 0.27578125000000003 0.051562500000000004 0.051562500000000004
0 0.5164062500000001 0.22578125000000002 0.0390625 0.035937500000000004
0 0.54453125 0.17421875 0.045312500000000006 0.0390625
0 0.21171875 0.371875 0.07968750000000001 0.065625
0 0.3515625 0.51015625 0.03125 0.026562500000000003
0 0.42812500000000003 0.7484375000000001 0.125 0.134375
0 0.6265625 0.80078125 0.025 0.026562500000000003
0 0.6117187500000001 0.6882812500000001 0.18906250000000002 0.18281250000000002
0 0.696875 0.5906250000000001 0.040625 0.037500000000000006
0 0.7585937500000001 0.63671875 0.0671875 0.051562500000000004
0 0.7015625000000001 0.66015625 0.034375 0.035937500000000004
0 0.8562500000000001 0.65 0.059375000000000004 0.059375000000000004
0 0.8031250000000001 0.69453125 0.040625 0.0421875
0 0.9226562500000001 0.54140625 0.1546875 0.18281250000000002
0 0.8343750000000001 0.43984375000000003 0.037500000000000006 0.026562500000000003
