0 0.6109375 0.6609375000000001 0.084375 0.1125
0 0.4546875 0.7375 0.053125000000000006 0.053125000000000006
0 0.4609375 0.78515625 0.040625 0.0390625
0 0.47578125000000004 0.83515625 0.045312500000000006 0.0421875
0 0.21796875000000002 0.59765625 0.07968750000000001 0.0703125
0 0.36875 0.5015625 0.03125 0.028125
0 0.48203125 0.3046875 0.1296875 0.1375
0 0.66796875 0.29609375 0.026562500000000003 0.026562500000000003
0 0.6328125 0.39296875000000003 0.19375 0.18906250000000002
0 0.6898437500000001 0.49609375 0.0390625 0.0390625
0 0.75390625 0.46718750000000003 0.0671875 0.05625
0 0.70703125 0.43515625 0.035937500000000004 0.035937500000000004
0 0.84296875 0.47265625 0.060937500000000006 0.060937500000000006
0 0.80390625 0.4234375 0.0421875 0.043750000000000004
0 0.8859375 0.5828125000000001 0.171875 0.184375
0 0.784375 0.65546875 0.037500000000000006 0.029687500000000002
