0 0.34609375000000003 0.61484375 0.060937500000000006 0.1171875
0 0.48515625 0.76328125 0.0484375 0.0484375
0 0.45937500000000003 0.8125 0.037500000000000006 0.034375
0 0.421875 0.8617187500000001 0.043750000000000004 0.035937500000000004
0 0.80234375 0.7078125000000001 0.0765625 0.059375000000000004
0 0.67734375 0.540625 0.029687500000000002 0.025
0 0.6351562500000001 0.278125 0.11406250000000001 0.12812500000000002
0 0.43515625 0.1921875 0.0234375 0.025
0 0.43281250000000004 0.3125 0.178125 0.16875
0 0.328125 0.40156250000000004 0.037500000000000006 0.034375
0 0.2703125 0.34296875000000004 0.065625 0.045312500000000006
0 0.33437500000000003 0.32734375000000004 0.03125 0.0328125
0 0.1703125 0.31328125 0.05625 0.0546875
0 0.2328125 0.275 0.037500000000000006 0.040625
0 0.07734375 0.415625 0.15156250000000002 0.171875
0 0.15937500000000002 0.53671875 0.037500000000000006 0.0234375
