0 0.49062500000000003 0.22666666666666668 0.11375 0.16666666666666669
0 0.265625 0.46166666666666667 0.22125 0.3166666666666667
0 0.33 0.29500000000000004 0.0325 0.043333333333333335
0 0.4 0.5466666666666667 0.09 0.12000000000000001
0 0.455 0.5108333333333334 0.0525 0.07500000000000001
0 0.4625 0.5766666666666667 0.045 0.06333333333333334
0 0.495 0.65 0.04 0.06666666666666667
0 0.5181250000000001 0.6166666666666667 0.01875 0.03333333333333333
0 0.5325 0.5575 0.0375 0.04833333333333334
0 0.544375 0.47500000000000003 0.058750000000000004 0.10333333333333335
0 0.73875 0.37333333333333335 0.1125 0.15333333333333335
0 0.836875 0.3408333333333334 0.02875 0.03833333333333334
0 0.833125 0.4041666666666667 0.02375 0.025
0 0.600625 0.7908333333333334 0.20375000000000001 0.24833333333333335
0 0.4375 0.2525 0.045 0.085
