0 0.68671875 0.3453125 0.1203125 0.146875
0 0.5046875000000001 0.37812500000000004 0.140625 0.134375
0 0.56015625 0.30234375 0.029687500000000002 0.035937500000000004
0 0.43828125 0.28203125 0.029687500000000002 0.029687500000000002
0 0.3765625 0.503125 0.06875 0.046875
0 0.43984375000000003 0.5953125 0.0734375 0.12187500000000001
0 0.5734375 0.7390625000000001 0.05625 0.05
0 0.54921875 0.78515625 0.0328125 0.0390625
0 0.51171875 0.8328125000000001 0.0484375 0.046875
0 0.278125 0.5 0.053125000000000006 0.05
0 0.43281250000000004 0.47734375 0.037500000000000006 0.029687500000000002
0 0.14765625000000002 0.6015625 0.2546875 0.19687500000000002
0 0.31093750000000003 0.7078125000000001 0.034375 0.021875000000000002
0 0.41328125000000004 0.08203125 0.035937500000000004 0.026562500000000003
