0 0.66015625 0.721875 0.035937500000000004 0.037500000000000006
0 0.6335937500000001 0.5515625000000001 0.051562500000000004 0.059375000000000004
0 0.665625 0.6375000000000001 0.065625 0.07187500000000001
0 0.56484375 0.66953125 0.0546875 0.0484375
0 0.32890625 0.54453125 0.09531250000000001 0.1015625
0 0.453125 0.58515625 0.08125 0.0921875
0 0.3046875 0.33671875 0.05625 0.051562500000000004
0 0.47187500000000004 0.2546875 0.125 0.13125
0 0.47968750000000004 0.1328125 0.037500000000000006 0.043750000000000004
0 0.42734375 0.14140625 0.0328125 0.029687500000000002
0 0.43593750000000003 0.021875000000000002 0.043750000000000004 0.040625
0 0.75390625 0.38828125 0.24531250000000002 0.3046875
0 0.5789062500000001 0.16875 0.0484375 0.065625
0 0.7757812500000001 0.6960937500000001 0.2421875 0.29531250000000003
