0 0.540625 0.6328125 0.171875 0.1625
0 0.43203125000000003 0.67109375 0.0234375 0.0328125
0 0.66328125 0.7203125 0.0328125 0.028125
0 0.5796875 0.43671875000000004 0.065625 0.11406250000000001
0 0.41875 0.33984375 0.059375000000000004 0.0484375
0 0.43125 0.290625 0.03125 0.034375
0 0.453125 0.23203125000000002 0.043750000000000004 0.045312500000000006
0 0.6648437500000001 0.50234375 0.060937500000000006 0.0421875
0 0.753125 0.478125 0.053125000000000006 0.053125000000000006
0 0.846875 0.3484375 0.234375 0.16875
0 0.54609375 0.7359375 0.0234375 0.028125
0 0.6179687500000001 0.53828125 0.026562500000000003 0.0203125
0 0.7421875 0.9007812500000001 0.034375 0.026562500000000003
