0 0.70078125 0.53515625 0.0859375 0.0921875
0 0.5859375 0.57734375 0.07187500000000001 0.0765625
0 0.7109375 0.34609375000000003 0.053125000000000006 0.0484375
0 0.56015625 0.278125 0.11093750000000001 0.115625
0 0.55 0.1703125 0.037500000000000006 0.037500000000000006
0 0.5984375000000001 0.17578125 0.034375 0.0328125
0 0.584375 0.06171875 0.037500000000000006 0.045312500000000006
0 0.4609375 0.20234375000000002 0.046875 0.060937500000000006
0 0.3140625 0.40234375 0.23750000000000002 0.27968750000000003
0 0.2625 0.5328125 0.034375 0.037500000000000006
0 0.34375 0.7523437500000001 0.4 0.3671875
