0 0.4921875 0.3765625 0.17500000000000002 0.1625
0 0.6156250000000001 0.3453125 0.021875000000000002 0.034375
0 0.36640625000000004 0.2671875 0.0328125 0.028125
0 0.42812500000000003 0.58828125 0.0625 0.1203125
0 0.5945312500000001 0.7125 0.060937500000000006 0.046875
0 0.5765625 0.765625 0.03125 0.034375
0 0.5453125 0.82734375 0.043750000000000004 0.045312500000000006
0 0.34140625 0.5078125 0.06406250000000001 0.040625
0 0.24140625000000002 0.525 0.0546875 0.053125000000000006
0 0.12421875 0.6570312500000001 0.24531250000000002 0.1640625
0 0.49609375 0.2625 0.0234375 0.028125
0 0.39687500000000003 0.47265625 0.028125 0.0203125
0 0.29765625 0.06015625 0.035937500000000004 0.026562500000000003
