0 0.46406250000000004 0.6078125000000001 0.19375 0.1875
0 0.42734375 0.5109375 0.0328125 0.03125
0 0.496875 0.42421875000000003 0.09062500000000001 0.1171875
0 0.6742187500000001 0.38515625000000003 0.06406250000000001 0.060937500000000006
0 0.67890625 0.33515625000000004 0.0390625 0.045312500000000006
0 0.6781250000000001 0.27421875 0.05 0.0484375
0 0.75546875 0.7390625000000001 0.33906250000000004 0.36250000000000004
0 0.48046875 0.8296875 0.0859375 0.07500000000000001
0 0.40625 0.6585937500000001 0.028125 0.026562500000000003
0 0.4 0.4578125 0.0625 0.05
0 0.32343750000000004 0.40859375000000003 0.059375000000000004 0.0578125
0 0.27578125000000003 0.26328125 0.2578125 0.2265625
0 0.20234375000000002 0.8054687500000001 0.0390625 0.035937500000000004
