0 0.5171875 0.42578125 0.15625 0.1484375
0 0.43984375000000003 0.48671875000000003 0.026562500000000003 0.0234375
0 0.45390625 0.5890625 0.060937500000000006 0.10312500000000001
0 0.578125 0.7078125000000001 0.053125000000000006 0.046875
0 0.5578125 0.7507812500000001 0.028125 0.0390625
0 0.52734375 0.7992187500000001 0.0421875 0.0390625
0 0.815625 0.46171875 0.259375 0.2984375
0 0.6375000000000001 0.2546875 0.07187500000000001 0.05625
0 0.49453125000000003 0.35703125 0.0234375 0.0203125
0 0.39140625 0.51484375 0.0546875 0.035937500000000004
0 0.30625 0.51796875 0.046875 0.045312500000000006
0 0.19687500000000002 0.6117187500000001 0.21875 0.16718750000000002
0 0.40156250000000004 0.13828125 0.03125 0.026562500000000003
