0 0.72421875 0.30625 0.13593750000000002 0.1125
0 0.78125 0.46015625000000004 0.03125 0.035937500000000004
0 0.6390625000000001 0.5945312500000001 0.15937500000000002 0.1390625
0 0.503125 0.34375 0.025 0.028125
0 0.43671875000000004 0.525 0.0421875 0.05625
0 0.46406250000000004 0.665625 0.1125 0.10625000000000001
0 0.25 0.5984375000000001 0.0625 0.040625
0 0.3328125 0.6101562500000001 0.028125 0.0328125
0 0.35078125000000004 0.7468750000000001 0.029687500000000002 0.021875000000000002
0 0.184375 0.690625 0.11875000000000001 0.15000000000000002
0 0.33515625000000004 0.18359375 0.3046875 0.2515625
