0 0.9226562500000001 0.6265625 0.1546875 0.2
0 0.884375 0.4625 0.15625 0.109375
0 0.7562500000000001 0.56640625 0.1625 0.1046875
0 0.6953125 0.48828125 0.1125 0.08281250000000001
0 0.659375 0.45156250000000003 0.046875 0.040625
0 0.5875 0.47500000000000003 0.046875 0.053125000000000006
0 0.60078125 0.53359375 0.0328125 0.026562500000000003
0 0.6101562500000001 0.35078125000000004 0.13593750000000002 0.1796875
0 0.6125 0.2109375 0.043750000000000004 0.053125000000000006
0 0.55390625 0.21796875000000002 0.0703125 0.1015625
0 0.3796875 0.46796875000000004 0.14375000000000002 0.1296875
0 0.45156250000000003 0.7125 0.046875 0.053125000000000006
0 0.54296875 0.7890625 0.0484375 0.059375000000000004
0 0.40937500000000004 0.8921875 0.278125 0.215625
