0 0.828125 0.5265625 0.043750000000000004 0.040625
0 0.82734375 0.6046875 0.045312500000000006 0.043750000000000004
0 0.7210937500000001 0.609375 0.15156250000000002 0.153125
0 0.4625 0.59296875 0.05 0.051562500000000004
0 0.42109375000000004 0.71875 0.0703125 0.065625
0 0.31562500000000004 0.77890625 0.09062500000000001 0.0765625
0 0.39453125 0.81171875 0.0390625 0.0390625
0 0.5421875 0.3296875 0.23125 0.25625000000000003
0 0.44453125000000004 0.36796875 0.035937500000000004 0.0328125
0 0.47734375 0.43515625 0.0328125 0.035937500000000004
