0 0.7671875 0.52578125 0.25 0.2109375
0 0.7117187500000001 0.421875 0.1609375 0.134375
0 0.596875 0.465625 0.0625 0.05625
0 0.5750000000000001 0.3984375 0.059375000000000004 0.053125000000000006
0 0.53046875 0.46015625000000004 0.035937500000000004 0.0328125
0 0.81640625 0.65 0.0484375 0.05
0 0.6390625000000001 0.63671875 0.040625 0.0421875
0 0.39921875 0.58515625 0.0671875 0.0546875
0 0.16015625 0.58515625 0.0578125 0.060937500000000006
0 0.17109375000000002 0.6726562500000001 0.0546875 0.0484375
0 0.2921875 0.61484375 0.034375 0.0328125
0 0.48671875000000003 0.53671875 0.035937500000000004 0.029687500000000002
0 0.4296875 0.4859375 0.0625 0.059375000000000004
0 0.390625 0.5398437500000001 0.046875 0.045312500000000006
0 0.34453125 0.4421875 0.2859375 0.21250000000000002
0 0.36484375 0.5078125 0.0671875 0.0625
0 0.225 0.39296875000000003 0.037500000000000006 0.0328125
