0 0.7210937500000001 0.6640625 0.22968750000000002 0.153125
0 0.734375 0.5484375 0.15000000000000002 0.096875
0 0.6156250000000001 0.51796875 0.05625 0.0421875
0 0.6359375 0.45078125 0.053125000000000006 0.0421875
0 0.5640625 0.47578125000000004 0.03125 0.026562500000000003
0 0.690625 0.7937500000000001 0.037500000000000006 0.043750000000000004
0 0.553125 0.68125 0.034375 0.034375
0 0.38593750000000004 0.50390625 0.0625 0.0390625
0 0.19062500000000002 0.36796875 0.046875 0.051562500000000004
0 0.15078125 0.44609375 0.0484375 0.035937500000000004
0 0.28203125 0.46796875000000004 0.029687500000000002 0.026562500000000003
0 0.48515625 0.51328125 0.0328125 0.0203125
0 0.46718750000000003 0.43984375000000003 0.053125000000000006 0.0484375
0 0.40468750000000003 0.46171875 0.040625 0.035937500000000004
0 0.4234375 0.35625 0.28125 0.134375
0 0.40234375 0.42109375000000004 0.0578125 0.0484375
0 0.353125 0.2484375 0.034375 0.025
