0 0.53671875 0.625 0.0859375 0.096875
0 0.36953125000000003 0.64609375 0.0578125 0.0546875
0 0.36015625 0.6890625 0.035937500000000004 0.037500000000000006
0 0.35781250000000003 0.7468750000000001 0.05 0.05
0 0.28671875 0.5710937500000001 0.1390625 0.1609375
0 0.5734375 0.5437500000000001 0.209375 0.16562500000000002
0 0.6726562500000001 0.6296875000000001 0.0328125 0.03125
0 0.65546875 0.5203125000000001 0.029687500000000002 0.03125
0 0.56796875 0.4390625 0.0328125 0.034375
0 0.32578125 0.29140625000000003 0.3296875 0.3328125
0 0.58359375 0.23593750000000002 0.0765625 0.06875
0 0.56484375 0.3953125 0.029687500000000002 0.037500000000000006
0 0.8539062500000001 0.66015625 0.051562500000000004 0.0578125
