0 0.42109375000000004 0.46796875000000004 0.09531250000000001 0.1078125
0 0.51171875 0.3046875 0.06406250000000001 0.0625
0 0.47968750000000004 0.26796875000000003 0.040625 0.0421875
0 0.42890625000000004 0.22734375 0.0546875 0.0546875
0 0.6335937500000001 0.278125 0.15156250000000002 0.178125
0 0.47109375000000003 0.5546875 0.2328125 0.18125000000000002
0 0.328125 0.5867187500000001 0.034375 0.035937500000000004
0 0.43671875000000004 0.64375 0.0328125 0.034375
0 0.56796875 0.61875 0.035937500000000004 0.037500000000000006
0 0.8390625 0.49765625 0.321875 0.3671875
0 0.73984375 0.765625 0.0859375 0.07500000000000001
0 0.60859375 0.64375 0.0328125 0.040625
0 0.18281250000000002 0.73046875 0.05625 0.06406250000000001
