0 0.48359375000000004 0.8367187500000001 0.045312500000000006 0.0328125
0 0.5085937500000001 0.696875 0.0546875 0.040625
0 0.5242187500000001 0.64765625 0.0765625 0.051562500000000004
0 0.54296875 0.5765625 0.035937500000000004 0.03125
0 0.45390625 0.6000000000000001 0.1453125 0.084375
0 0.3828125 0.5078125 0.059375000000000004 0.043750000000000004
0 0.74609375 0.76484375 0.029687500000000002 0.0234375
0 0.7000000000000001 0.7679687500000001 0.021875000000000002 0.026562500000000003
0 0.6984375 0.690625 0.05625 0.040625
0 0.72421875 0.66171875 0.08281250000000001 0.08281250000000001
0 0.6804687500000001 0.34375 0.0765625 0.134375
0 0.37343750000000003 0.31640625 0.1875 0.18906250000000002
0 0.48984375 0.30546875 0.0328125 0.029687500000000002
0 0.578125 0.40234375 0.028125 0.029687500000000002
0 0.5875 0.2828125 0.059375000000000004 0.043750000000000004
0 0.4140625 0.73984375 0.053125000000000006 0.035937500000000004
0 0.4140625 0.8070312500000001 0.025 0.0234375
