1 0.41953125 0.61640625 0.3359375 0.37031250000000004
1 0.59296875 0.6000000000000001 0.1484375 0.2
1 0.42109375000000004 0.8515625 0.4390625 0.296875
2 0.81640625 0.83984375 0.18906250000000002 0.1921875
2 0.9015625 0.65390625 0.10312500000000001 0.1203125
2 0.96015625 0.5750000000000001 0.07968750000000001 0.10625000000000001
2 0.9984375000000001 0.6828125 0.003125 0.040625
2 0.6898437500000001 0.4859375 0.13593750000000002 0.115625
2 0.546875 0.45546875000000003 0.2 0.2171875
2 0.728125 0.26484375 0.12812500000000002 0.11093750000000001
