1 0.64453125 0.56015625 0.2765625 0.3171875
1 0.49453125000000003 0.6140625000000001 0.1171875 0.17500000000000002
1 0.7484375000000001 0.78828125 0.37812500000000004 0.3046875
2 0.40234375 0.8984375 0.15781250000000002 0.1625
2 0.259375 0.7781250000000001 0.084375 0.10312500000000001
2 0.1703125 0.73984375 0.084375 0.0890625
2 0.17265625 0.846875 0.035937500000000004 0.034375
2 0.36953125000000003 0.55703125 0.1171875 0.09531250000000001
2 0.4765625 0.47578125000000004 0.16562500000000002 0.1859375
2 0.25234375000000003 0.38828125 0.11093750000000001 0.0921875
