0 0.7820312500000001 0.41718750000000004 0.09531250000000001 0.134375
0 0.8679687500000001 0.50234375 0.0578125 0.0890625
0 0.7445312500000001 0.6195312500000001 0.0546875 0.060937500000000006
0 0.7390625000000001 0.6671875 0.06875 0.053125000000000006
0 0.7562500000000001 0.7484375000000001 0.028125 0.03125
0 0.8054687500000001 0.734375 0.0328125 0.03125
0 0.49140625000000004 0.54140625 0.06406250000000001 0.051562500000000004
0 0.40078125000000003 0.52734375 0.1265625 0.0859375
0 0.42734375 0.45234375000000004 0.0390625 0.0390625
0 0.3375 0.496875 0.043750000000000004 0.034375
0 0.39140625 0.4609375 0.035937500000000004 0.034375
0 0.42421875000000003 0.36796875 0.0390625 0.035937500000000004
0 0.41171875 0.3296875 0.0484375 0.046875
0 0.3828125 0.296875 0.037500000000000006 0.034375
0 0.6257812500000001 0.3796875 0.0328125 0.03125
0 0.50390625 0.34140625 0.08281250000000001 0.06406250000000001
0 0.484375 0.30234375 0.065625 0.060937500000000006
