0 0.8140625 0.5632812500000001 0.07187500000000001 0.13593750000000002
0 0.88046875 0.45546875000000003 0.0421875 0.0921875
0 0.7234375000000001 0.36640625000000004 0.046875 0.0578125
0 0.70703125 0.3203125 0.0671875 0.043750000000000004
0 0.703125 0.23203125000000002 0.021875000000000002 0.029687500000000002
0 0.75703125 0.234375 0.029687500000000002 0.028125
0 0.4859375 0.5109375 0.0625 0.043750000000000004
0 0.39687500000000003 0.54921875 0.12812500000000002 0.06406250000000001
0 0.44375000000000003 0.61875 0.034375 0.034375
0 0.33984375 0.5953125 0.0421875 0.028125
0 0.40390625 0.6195312500000001 0.0328125 0.029687500000000002
0 0.46171875 0.70625 0.035937500000000004 0.03125
0 0.45859375 0.74765625 0.045312500000000006 0.0421875
0 0.4375 0.78828125 0.034375 0.029687500000000002
0 0.6648437500000001 0.6421875 0.029687500000000002 0.028125
0 0.54921875 0.7117187500000001 0.08281250000000001 0.051562500000000004
0 0.5398437500000001 0.7562500000000001 0.060937500000000006 0.053125000000000006
