0 0.6359375 0.5609375 0.12812500000000002 0.078125
0 0.5554687500000001 0.51796875 0.045312500000000006 0.035937500000000004
0 0.634375 0.44375000000000003 0.025 0.03125
0 0.6687500000000001 0.35468750000000004 0.05625 0.05625
0 0.67578125 0.29765625 0.026562500000000003 0.045312500000000006
0 0.8226562500000001 0.43828125 0.035937500000000004 0.035937500000000004
0 0.73984375 0.5164062500000001 0.045312500000000006 0.045312500000000006
0 0.73828125 0.41015625 0.0203125 0.0234375
0 0.41875 0.2265625 0.021875000000000002 0.025
0 0.36875 0.215625 0.034375 0.03125
0 0.39687500000000003 0.30390625000000004 0.059375000000000004 0.0421875
0 0.37812500000000004 0.34218750000000003 0.05 0.05
0 0.2515625 0.5078125 0.053125000000000006 0.11875000000000001
0 0.21328125 0.39140625 0.0328125 0.0765625
0 0.37109375 0.6023437500000001 0.0328125 0.0328125
0 0.4609375 0.73203125 0.046875 0.0421875
0 0.45625000000000004 0.6882812500000001 0.06875 0.0484375
0 0.571875 0.6234375000000001 0.03125 0.028125
0 0.53359375 0.7000000000000001 0.035937500000000004 0.028125
0 0.5320312500000001 0.7359375 0.045312500000000006 0.037500000000000006
0 0.53359375 0.7921875 0.0546875 0.05
0 0.66796875 0.625 0.0390625 0.034375
0 0.6109375 0.6312500000000001 0.025 0.021875000000000002
