0 0.6625000000000001 0.16015625 0.03125 0.029687500000000002
0 0.721875 0.15546875000000002 0.028125 0.0328125
0 0.67890625 0.2515625 0.0703125 0.040625
0 0.71875 0.28671875 0.09375 0.0890625
0 0.8445312500000001 0.53359375 0.026562500000000003 0.035937500000000004
0 0.9796875 0.46328125000000003 0.040625 0.045312500000000006
0 0.8203125 0.47187500000000004 0.018750000000000003 0.034375
0 0.87421875 0.6507812500000001 0.051562500000000004 0.0578125
0 0.8734375000000001 0.7140625 0.03125 0.05625
0 0.56640625 0.70703125 0.0765625 0.0484375
0 0.54609375 0.7578125 0.060937500000000006 0.046875
0 0.45703125 0.7562500000000001 0.0546875 0.037500000000000006
0 0.4609375 0.71015625 0.034375 0.0328125
0 0.45234375000000004 0.8187500000000001 0.0765625 0.053125000000000006
0 0.31484375000000003 0.6062500000000001 0.0390625 0.034375
0 0.4265625 0.61328125 0.037500000000000006 0.0328125
0 0.3796875 0.6203125 0.03125 0.03125
0 0.453125 0.48984375 0.065625 0.0390625
0 0.36562500000000003 0.5390625 0.134375 0.059375000000000004
