0 0.23125 0.57421875 0.10625000000000001 0.09531250000000001
0 0.3921875 0.55234375 0.21250000000000002 0.2109375
0 0.37343750000000003 0.68125 0.078125 0.07500000000000001
0 0.6109375 0.70625 0.065625 0.07187500000000001
0 0.58515625 0.75390625 0.0390625 0.045312500000000006
0 0.62890625 0.60703125 0.029687500000000002 0.029687500000000002
0 0.63046875 0.5546875 0.029687500000000002 0.034375
0 0.7507812500000001 0.60078125 0.0671875 0.06406250000000001
0 0.78671875 0.7140625 0.0421875 0.040625
0 0.6273437500000001 0.30781250000000004 0.06406250000000001 0.053125000000000006
0 0.6429687500000001 0.34375 0.1015625 0.1
0 0.6507812500000001 0.2328125 0.029687500000000002 0.03125
0 0.6976562500000001 0.24921875000000002 0.035937500000000004 0.0390625
