0 0.22890625 0.45 0.1078125 0.09375
0 0.390625 0.48281250000000003 0.21250000000000002 0.209375
0 0.38125000000000003 0.35000000000000003 0.078125 0.07500000000000001
0 0.6257812500000001 0.34140625 0.06406250000000001 0.0734375
0 0.6023437500000001 0.29140625000000003 0.0390625 0.045312500000000006
0 0.63671875 0.44296875 0.029687500000000002 0.029687500000000002
0 0.634375 0.49843750000000003 0.028125 0.034375
0 0.7609375 0.45859375 0.06875 0.06406250000000001
0 0.8054687500000001 0.3453125 0.0421875 0.040625
0 0.61484375 0.7484375000000001 0.06406250000000001 0.053125000000000006
0 0.6335937500000001 0.7132812500000001 0.1015625 0.09843750000000001
0 0.6328125 0.82734375 0.028125 0.0328125
0 0.6820312500000001 0.8132812500000001 0.035937500000000004 0.0390625
