2 0.19453125000000002 0.321875 0.13593750000000002 0.15000000000000002
2 0.328125 0.31875000000000003 0.146875 0.10312500000000001
2 0.6171875 0.4609375 0.15000000000000002 0.146875
2 0.6468750000000001 0.3640625 0.10625000000000001 0.084375
2 0.78515625 0.534375 0.1296875 0.13125
2 0.6171875 0.55703125 0.053125000000000006 0.0734375
2 0.60703125 0.6898437500000001 0.20468750000000002 0.20468750000000002
1 0.48984375 0.22421875000000002 0.35468750000000004 0.3953125
1 0.41875 0.5859375 0.36250000000000004 0.403125
2 0.70625 0.3140625 0.037500000000000006 0.03125
2 0.8773437500000001 0.5625 0.045312500000000006 0.05
