0 0.61640625 0.55625 0.3921875 0.45937500000000003
0 0.33906250000000004 0.51171875 0.059375000000000004 0.09531250000000001
0 0.28671875 0.42500000000000004 0.060937500000000006 0.06875
0 0.22265625 0.4 0.0328125 0.053125000000000006
0 0.1609375 0.46796875000000004 0.07500000000000001 0.08281250000000001
0 0.05625 0.42265625 0.037500000000000006 0.0390625
0 0.15546875000000002 0.3203125 0.0328125 0.034375
0 0.39765625000000004 0.24531250000000002 0.1390625 0.16875
0 0.35781250000000003 0.6140625000000001 0.10625000000000001 0.10312500000000001
0 0.42031250000000003 0.74609375 0.046875 0.0671875
0 0.20703125 0.6984375 0.1078125 0.065625
