2 0.39140625 0.63984375 0.1078125 0.1015625
2 0.5390625 0.6375000000000001 0.115625 0.12812500000000002
2 0.57265625 0.70625 0.06406250000000001 0.065625
2 0.38125000000000003 0.78671875 0.23125 0.22031250000000002
2 0.6882812500000001 0.63046875 0.2109375 0.1921875
2 0.8132812500000001 0.7109375 0.08281250000000001 0.0625
2 0.8968750000000001 0.6664062500000001 0.065625 0.0703125
2 0.6062500000000001 0.46718750000000003 0.07187500000000001 0.08750000000000001
1 0.52734375 0.39140625 0.32656250000000003 0.3609375
1 0.28671875 0.515625 0.4078125 0.3375
