0 0.66171875 0.46875 0.11093750000000001 0.10312500000000001
0 0.34609375000000003 0.446875 0.051562500000000004 0.053125000000000006
0 0.6765625000000001 0.29140625000000003 0.05 0.06406250000000001
0 0.81953125 0.31171875000000004 0.045312500000000006 0.0765625
0 0.74765625 0.15546875000000002 0.0421875 0.051562500000000004
0 0.6742187500000001 0.22734375 0.026562500000000003 0.0421875
0 0.8406250000000001 0.6062500000000001 0.07500000000000001 0.078125
0 0.77109375 0.6453125000000001 0.035937500000000004 0.05
0 0.6820312500000001 0.5554687500000001 0.0546875 0.0578125
0 0.71015625 0.625 0.07968750000000001 0.084375
0 0.8250000000000001 0.7367187500000001 0.034375 0.0328125
0 0.5859375 0.7703125000000001 0.15937500000000002 0.184375
0 0.9296875 0.6515625 0.037500000000000006 0.043750000000000004
