0 0.3609375 0.27578125000000003 0.27187500000000003 0.2671875
0 0.321875 0.41484375 0.034375 0.029687500000000002
0 0.259375 0.36953125000000003 0.034375 0.026562500000000003
0 0.52109375 0.32109375 0.035937500000000004 0.0421875
0 0.4578125 0.42500000000000004 0.028125 0.034375
0 0.53671875 0.39453125 0.11093750000000001 0.11406250000000001
0 0.571875 0.5242187500000001 0.109375 0.1015625
0 0.21875 0.70703125 0.037500000000000006 0.0578125
0 0.28750000000000003 0.84296875 0.034375 0.051562500000000004
0 0.33828125000000003 0.7210937500000001 0.0484375 0.0578125
0 0.34375 0.77734375 0.028125 0.0328125
0 0.3171875 0.58359375 0.040625 0.0546875
0 0.36015625 0.56953125 0.08281250000000001 0.1015625
0 0.41328125000000004 0.7429687500000001 0.07968750000000001 0.0859375
0 0.5171875 0.74921875 0.07500000000000001 0.0921875
0 0.58984375 0.8515625 0.18281250000000002 0.184375
0 0.64453125 0.6640625 0.0890625 0.134375
0 0.5828125000000001 0.6039062500000001 0.043750000000000004 0.0578125
