0 0.7976562500000001 0.32890625 0.0546875 0.0421875
0 0.8562500000000001 0.3140625 0.037500000000000006 0.034375
0 0.7406250000000001 0.209375 0.0625 0.034375
0 0.6515625 0.35859375000000004 0.05625 0.0390625
0 0.65390625 0.4078125 0.09843750000000001 0.08125
0 0.7421875 0.5476562500000001 0.046875 0.045312500000000006
0 0.8 0.6351562500000001 0.1 0.11406250000000001
0 0.65546875 0.66796875 0.0890625 0.0859375
0 0.62109375 0.54609375 0.0703125 0.08281250000000001
0 0.51875 0.40937500000000004 0.046875 0.05625
0 0.4 0.34609375000000003 0.034375 0.045312500000000006
0 0.43046875 0.41718750000000004 0.1078125 0.10625000000000001
0 0.45546875000000003 0.5765625 0.045312500000000006 0.040625
0 0.521875 0.5125000000000001 0.065625 0.037500000000000006
0 0.49921875000000004 0.7195312500000001 0.08281250000000001 0.1328125
0 0.6609375000000001 0.8125 0.046875 0.059375000000000004
0 0.6976562500000001 0.88046875 0.09531250000000001 0.1046875
0 0.6039062500000001 0.8484375000000001 0.045312500000000006 0.0625
