0 0.21484375 0.42812500000000003 0.11093750000000001 0.1125
0 0.28671875 0.50625 0.051562500000000004 0.043750000000000004
0 0.36953125000000003 0.371875 0.09843750000000001 0.08750000000000001
0 0.41875 0.49140625000000004 0.065625 0.0890625
0 0.55859375 0.49921875000000004 0.1390625 0.09843750000000001
0 0.609375 0.63828125 0.109375 0.11406250000000001
0 0.5203125000000001 0.6390625000000001 0.043750000000000004 0.059375000000000004
0 0.6312500000000001 0.7203125 0.034375 0.040625
0 0.38125000000000003 0.63203125 0.08750000000000001 0.0734375
0 0.37421875000000004 0.68359375 0.051562500000000004 0.045312500000000006
0 0.21875 0.7000000000000001 0.053125000000000006 0.037500000000000006
0 0.26406250000000003 0.83203125 0.07187500000000001 0.035937500000000004
0 0.15234375 0.7117187500000001 0.0328125 0.0328125
