2 0.10859375 0.5890625 0.15156250000000002 0.17500000000000002
2 0.240625 0.48671875000000003 0.13125 0.1234375
2 0.321875 0.5710937500000001 0.125 0.1796875
2 0.3484375 0.44062500000000004 0.08125 0.13125
2 0.484375 0.6875 0.284375 0.28125
2 0.6546875000000001 0.5421875 0.16562500000000002 0.11875000000000001
2 0.7039062500000001 0.38984375000000004 0.09843750000000001 0.09843750000000001
2 0.7757812500000001 0.39921875 0.0328125 0.045312500000000006
2 0.78671875 0.5515625000000001 0.07968750000000001 0.078125
1 0.521875 0.46718750000000003 0.40937500000000004 0.49062500000000003
