0 0.265625 0.43515625 0.037500000000000006 0.06406250000000001
0 0.27734375 0.26328125 0.035937500000000004 0.051562500000000004
0 0.38515625000000003 0.3640625 0.0390625 0.046875
0 0.36250000000000004 0.30312500000000003 0.028125 0.03125
0 0.4296875 0.51328125 0.037500000000000006 0.0484375
0 0.47968750000000004 0.5085937500000001 0.065625 0.0921875
0 0.43828125 0.625 0.035937500000000004 0.053125000000000006
0 0.6156250000000001 0.6335937500000001 0.037500000000000006 0.0578125
0 0.6937500000000001 0.6171875 0.10312500000000001 0.09062500000000001
0 0.7453125 0.6859375000000001 0.037500000000000006 0.043750000000000004
0 0.634375 0.48359375000000004 0.08125 0.11093750000000001
0 0.45156250000000003 0.7820312500000001 0.1 0.06406250000000001
0 0.51875 0.7890625 0.096875 0.109375
0 0.3375 0.81640625 0.046875 0.0390625
0 0.40390625 0.8765625 0.045312500000000006 0.037500000000000006
