0 0.5234375 0.32890625 0.065625 0.0671875
0 0.3375 0.44062500000000004 0.053125000000000006 0.0625
0 0.26015625000000003 0.55 0.0484375 0.06875
0 0.20390625 0.4 0.0390625 0.05625
0 0.2921875 0.39765625000000004 0.034375 0.035937500000000004
0 0.43515625 0.5554687500000001 0.045312500000000006 0.051562500000000004
0 0.48203125 0.5359375000000001 0.0765625 0.084375
0 0.49375 0.64765625 0.043750000000000004 0.0484375
0 0.48203125 0.853125 0.051562500000000004 0.046875
0 0.56484375 0.878125 0.0484375 0.040625
0 0.56796875 0.775 0.1046875 0.084375
0 0.6296875000000001 0.7578125 0.1125 0.12812500000000002
0 0.6492187500000001 0.5828125000000001 0.045312500000000006 0.06875
0 0.7109375 0.534375 0.115625 0.1125
0 0.78125 0.571875 0.040625 0.046875
