2 0.359375 0.478125 0.25 0.23125
2 0.42500000000000004 0.64609375 0.034375 0.035937500000000004
2 0.453125 0.7921875 0.053125000000000006 0.046875
2 0.47421875 0.7156250000000001 0.08281250000000001 0.09062500000000001
2 0.47265625 0.6328125 0.0734375 0.06875
2 0.46328125000000003 0.5734375 0.06406250000000001 0.06875
2 0.54921875 0.51015625 0.1015625 0.0921875
2 0.58046875 0.58984375 0.0546875 0.060937500000000006
2 0.68671875 0.5453125 0.1453125 0.115625
1 0.52265625 0.32578125 0.40156250000000004 0.3921875
