2 0.48671875000000003 0.29296875 0.22031250000000002 0.21406250000000002
2 0.421875 0.4703125 0.059375000000000004 0.06875
2 0.48359375000000004 0.43359375 0.051562500000000004 0.0546875
2 0.63046875 0.31640625 0.08281250000000001 0.08281250000000001
2 0.63984375 0.215625 0.045312500000000006 0.053125000000000006
2 0.353125 0.64609375 0.33125000000000004 0.3140625
2 0.5640625 0.45156250000000003 0.046875 0.040625
1 0.6898437500000001 0.38906250000000003 0.3921875 0.359375
2 0.55234375 0.53828125 0.0671875 0.0578125
2 0.66953125 0.58515625 0.17343750000000002 0.15781250000000002
2 0.6648437500000001 0.70703125 0.1296875 0.1203125
