1 0.390625 0.19453125000000002 0.321875 0.3359375
2 0.42734375 0.8226562500000001 0.0421875 0.0546875
2 0.5078125 0.571875 0.05 0.037500000000000006
2 0.525 0.82421875 0.043750000000000004 0.0765625
2 0.53046875 0.47734375 0.0921875 0.09531250000000001
2 0.596875 0.42890625000000004 0.084375 0.15156250000000002
2 0.69296875 0.28515625 0.3046875 0.1859375
2 0.30625 0.5296875 0.171875 0.1875
2 0.41484375 0.5554687500000001 0.029687500000000002 0.060937500000000006
2 0.27890625 0.38593750000000004 0.3765625 0.1625
