2 0.37812500000000004 0.30703125000000003 0.21875 0.2078125
2 0.565625 0.403125 0.053125000000000006 0.07187500000000001
2 0.48671875000000003 0.42031250000000003 0.0484375 0.053125000000000006
2 0.278125 0.43515625 0.08125 0.08281250000000001
2 0.1953125 0.359375 0.037500000000000006 0.059375000000000004
2 0.7546875000000001 0.49609375 0.33437500000000003 0.2984375
2 0.43515625 0.49609375 0.051562500000000004 0.035937500000000004
1 0.28515625 0.5398437500000001 0.4078125 0.3328125
2 0.51015625 0.5578125 0.0703125 0.05
2 0.45 0.6843750000000001 0.18125000000000002 0.146875
2 0.54609375 0.78046875 0.1328125 0.11093750000000001
