0 0.52265625 0.5484375 0.0578125 0.037500000000000006
0 0.53515625 0.4859375 0.026562500000000003 0.021875000000000002
0 0.42734375 0.45390625 0.0234375 0.026562500000000003
0 0.51015625 0.4296875 0.08281250000000001 0.053125000000000006
0 0.5171875 0.3125 0.028125 0.025
0 0.62890625 0.465625 0.0890625 0.096875
0 0.73984375 0.6234375000000001 0.32656250000000003 0.184375
0 0.45078125 0.71484375 0.0484375 0.051562500000000004
0 0.36640625000000004 0.7312500000000001 0.0734375 0.05625
0 0.43515625 0.8148437500000001 0.09843750000000001 0.1328125
0 0.525 0.83203125 0.025 0.0328125
0 0.5085937500000001 0.9046875000000001 0.0546875 0.05
0 0.44375000000000003 0.91015625 0.034375 0.035937500000000004
