1 0.37343750000000003 0.6171875 0.38125000000000003 0.371875
2 0.36250000000000004 0.46406250000000004 0.084375 0.07187500000000001
2 0.46015625000000004 0.43203125000000003 0.0671875 0.06406250000000001
2 0.6781250000000001 0.49531250000000004 0.040625 0.03125
2 0.6820312500000001 0.41250000000000003 0.026562500000000003 0.037500000000000006
2 0.49765625 0.3140625 0.09531250000000001 0.059375000000000004
2 0.41640625000000003 0.31015625 0.0765625 0.0734375
2 0.35468750000000004 0.39921875 0.034375 0.0203125
2 0.3640625 0.35546875 0.040625 0.035937500000000004
2 0.5906250000000001 0.44140625 0.034375 0.0328125
