1 0.675 0.6492187500000001 0.390625 0.3796875
2 0.7093750000000001 0.47968750000000004 0.08750000000000001 0.07187500000000001
2 0.6046875 0.4296875 0.06875 0.065625
2 0.353125 0.4703125 0.043750000000000004 0.03125
2 0.3609375 0.37734375000000003 0.025 0.0390625
2 0.5789062500000001 0.29375 0.1015625 0.05625
2 0.6703125000000001 0.30078125 0.078125 0.0765625
2 0.7265625 0.40859375000000003 0.037500000000000006 0.0171875
2 0.7234375000000001 0.35859375000000004 0.040625 0.035937500000000004
2 0.45859375 0.42265625 0.0328125 0.0328125
