0 0.42265625 0.5953125 0.1078125 0.10312500000000001
0 0.51875 0.5578125 0.034375 0.03125
0 0.51796875 0.496875 0.060937500000000006 0.046875
0 0.54453125 0.6140625000000001 0.0921875 0.0625
0 0.56015625 0.7296875 0.0328125 0.03125
0 0.628125 0.5765625 0.03125 0.03125
0 0.290625 0.45546875000000003 0.34687500000000004 0.22968750000000002
0 0.56015625 0.32109375 0.051562500000000004 0.0578125
0 0.6492187500000001 0.29140625000000003 0.07968750000000001 0.06406250000000001
0 0.5671875000000001 0.21875 0.109375 0.14375000000000002
0 0.47265625 0.21484375 0.026562500000000003 0.0328125
0 0.47890625000000003 0.13984375000000002 0.0546875 0.0546875
0 0.5398437500000001 0.1265625 0.0390625 0.037500000000000006
0 0.76328125 0.31875000000000003 0.0203125 0.021875000000000002
0 0.8515625 0.27265625 0.034375 0.026562500000000003
0 0.65 0.3828125 0.184375 0.1125
0 0.6468750000000001 0.4375 0.028125 0.025
0 0.66953125 0.4859375 0.026562500000000003 0.021875000000000002
0 0.759375 0.4140625 0.025 0.018750000000000003
