0 0.403125 0.49843750000000003 0.10625000000000001 0.1
0 0.5046875000000001 0.49375 0.034375 0.03125
0 0.52890625 0.546875 0.060937500000000006 0.046875
0 0.5046875000000001 0.43203125000000003 0.09062500000000001 0.060937500000000006
0 0.47265625 0.32265625000000003 0.0328125 0.029687500000000002
0 0.5945312500000001 0.43203125000000003 0.029687500000000002 0.029687500000000002
0 0.34296875000000004 0.6765625000000001 0.34218750000000003 0.225
0 0.63828125 0.6875 0.051562500000000004 0.05625
0 0.7296875 0.6781250000000001 0.078125 0.0625
0 0.6859375000000001 0.7757812500000001 0.109375 0.1421875
0 0.6023437500000001 0.81796875 0.026562500000000003 0.0328125
0 0.6390625000000001 0.88203125 0.053125000000000006 0.0546875
0 0.69921875 0.8695312500000001 0.0390625 0.035937500000000004
0 0.8210937500000001 0.60703125 0.0203125 0.0203125
0 0.9187500000000001 0.6117187500000001 0.034375 0.026562500000000003
0 0.6921875000000001 0.59609375 0.18125000000000002 0.11093750000000001
0 0.66796875 0.5476562500000001 0.026562500000000003 0.0234375
0 0.66796875 0.49531250000000004 0.026562500000000003 0.021875000000000002
0 0.7781250000000001 0.5234375 0.025 0.018750000000000003
