0 0.46718750000000003 0.415625 0.07187500000000001 0.09375
0 0.44921875 0.51875 0.0671875 0.0625
0 0.34609375000000003 0.46484375 0.1546875 0.16718750000000002
0 0.259375 0.434375 0.046875 0.034375
0 0.23984375000000002 0.4890625 0.0765625 0.078125
0 0.30234375 0.540625 0.026562500000000003 0.028125
0 0.41015625 0.7039062500000001 0.2171875 0.1640625
0 0.31875000000000003 0.7875000000000001 0.025 0.025
0 0.23359375000000002 0.8546875 0.0421875 0.034375
0 0.37734375000000003 0.5945312500000001 0.026562500000000003 0.026562500000000003
0 0.41015625 0.6375000000000001 0.029687500000000002 0.028125
0 0.30078125 0.6898437500000001 0.026562500000000003 0.0203125
0 0.7132812500000001 0.69140625 0.11406250000000001 0.1265625
0 0.5710937500000001 0.82578125 0.2921875 0.3296875
