0 0.8304687500000001 0.57265625 0.0484375 0.0421875
0 0.76171875 0.55390625 0.0703125 0.0703125
0 0.8304687500000001 0.37343750000000003 0.0734375 0.07500000000000001
0 0.671875 0.453125 0.03125 0.03125
0 0.628125 0.4625 0.037500000000000006 0.037500000000000006
0 0.7289062500000001 0.6820312500000001 0.1296875 0.13593750000000002
0 0.5953125 0.82734375 0.31562500000000004 0.3453125
0 0.41875 0.7117187500000001 0.23125 0.1859375
0 0.41328125000000004 0.65 0.026562500000000003 0.021875000000000002
0 0.29765625 0.61328125 0.0171875 0.0203125
0 0.33046875000000003 0.8109375000000001 0.026562500000000003 0.028125
0 0.25 0.8851562500000001 0.037500000000000006 0.0328125
0 0.30000000000000004 0.5554687500000001 0.028125 0.029687500000000002
0 0.22812500000000002 0.5109375 0.084375 0.084375
0 0.246875 0.45234375000000004 0.046875 0.0390625
0 0.4578125 0.41953125 0.084375 0.09843750000000001
0 0.44843750000000004 0.5203125000000001 0.07187500000000001 0.07187500000000001
0 0.34140625 0.47500000000000003 0.1703125 0.178125
0 0.3765625 0.60546875 0.037500000000000006 0.0328125
0 0.3046875 0.70859375 0.021875000000000002 0.0203125
