0 0.21250000000000002 0.45859375 0.05 0.0421875
0 0.28203125 0.48046875 0.0703125 0.0703125
0 0.20390625 0.6609375000000001 0.0734375 0.07500000000000001
0 0.36875 0.5859375 0.03125 0.03125
0 0.41250000000000003 0.5789062500000001 0.037500000000000006 0.0390625
0 0.3203125 0.3515625 0.12812500000000002 0.1375
0 0.4625 0.209375 0.3125 0.35000000000000003
0 0.63671875 0.3359375 0.23593750000000002 0.184375
0 0.6390625000000001 0.3984375 0.028125 0.021875000000000002
0 0.7546875000000001 0.44062500000000004 0.018750000000000003 0.018750000000000003
0 0.73046875 0.23828125 0.026562500000000003 0.029687500000000002
0 0.8140625 0.16718750000000002 0.037500000000000006 0.03125
0 0.75 0.49921875000000004 0.028125 0.029687500000000002
0 0.8210937500000001 0.5476562500000001 0.0859375 0.0859375
0 0.7992187500000001 0.60546875 0.0484375 0.0390625
0 0.58359375 0.63046875 0.08281250000000001 0.1015625
0 0.5984375000000001 0.5281250000000001 0.07187500000000001 0.07187500000000001
0 0.7046875 0.5789062500000001 0.16875 0.1796875
0 0.675 0.4453125 0.037500000000000006 0.03125
0 0.7523437500000001 0.34375 0.0234375 0.021875000000000002
