0 0.5609375 0.5546875 0.1 0.14375000000000002
0 0.32734375000000004 0.571875 0.045312500000000006 0.053125000000000006
0 0.78515625 0.7507812500000001 0.0921875 0.13593750000000002
0 0.6421875 0.7914062500000001 0.0625 0.0546875
0 0.6890625 0.65546875 0.034375 0.0390625
0 0.625 0.69140625 0.034375 0.035937500000000004
0 0.59921875 0.6664062500000001 0.026562500000000003 0.029687500000000002
0 0.8375 0.5867187500000001 0.028125 0.029687500000000002
0 0.82578125 0.48984375 0.0328125 0.0328125
0 0.8078125 0.5453125 0.043750000000000004 0.05625
0 0.78046875 0.5109375 0.0390625 0.037500000000000006
0 0.690625 0.5234375 0.040625 0.040625
0 0.728125 0.49531250000000004 0.053125000000000006 0.05625
0 0.76328125 0.48515625 0.029687500000000002 0.0328125
0 0.7429687500000001 0.4421875 0.0578125 0.05625
0 0.67578125 0.43203125000000003 0.0203125 0.026562500000000003
0 0.7468750000000001 0.35546875 0.1125 0.1265625
0 0.69296875 0.3984375 0.0234375 0.025
0 0.5085937500000001 0.24609375 0.029687500000000002 0.029687500000000002
0 0.44296875 0.5375 0.0328125 0.046875
