0 0.33906250000000004 0.453125 0.203125 0.140625
0 0.37031250000000004 0.5476562500000001 0.021875000000000002 0.0203125
0 0.2171875 0.42812500000000003 0.018750000000000003 0.018750000000000003
0 0.11640625 0.42421875000000003 0.0390625 0.026562500000000003
0 0.36484375 0.33437500000000003 0.22968750000000002 0.18125000000000002
0 0.49375 0.25078125 0.19062500000000002 0.2984375
0 0.59921875 0.64375 0.09531250000000001 0.1125
0 0.509375 0.6625000000000001 0.021875000000000002 0.03125
0 0.6039062500000001 0.7265625 0.0390625 0.037500000000000006
0 0.53828125 0.73984375 0.0578125 0.0703125
0 0.6390625000000001 0.50390625 0.03125 0.0328125
0 0.6734375 0.484375 0.025 0.028125
0 0.6804687500000001 0.36171875000000003 0.060937500000000006 0.06406250000000001
0 0.83515625 0.446875 0.06406250000000001 0.0625
