0 0.32578125 0.54296875 0.2171875 0.1796875
0 0.38125000000000003 0.45859375 0.025 0.0234375
0 0.2 0.534375 0.021875000000000002 0.021875000000000002
0 0.1015625 0.5109375 0.040625 0.034375
0 0.31953125000000004 0.6648437500000001 0.2515625 0.2234375
0 0.42265625 0.78046875 0.2515625 0.3140625
0 0.6296875000000001 0.42500000000000004 0.115625 0.125
0 0.546875 0.3828125 0.028125 0.034375
0 0.65546875 0.34453125 0.045312500000000006 0.045312500000000006
0 0.59609375 0.31484375000000003 0.0703125 0.0765625
0 0.63046875 0.571875 0.035937500000000004 0.037500000000000006
0 0.6585937500000001 0.59921875 0.029687500000000002 0.0328125
0 0.634375 0.7210937500000001 0.07187500000000001 0.0734375
0 0.8078125 0.6796875 0.07500000000000001 0.07187500000000001
