0 0.1921875 0.5484375 0.05625 0.05625
0 0.36250000000000004 0.540625 0.018750000000000003 0.021875000000000002
0 0.3984375 0.5242187500000001 0.025 0.026562500000000003
0 0.33437500000000003 0.6640625 0.0625 0.053125000000000006
0 0.53515625 0.44765625000000003 0.0203125 0.0328125
0 0.5 0.38203125000000004 0.03125 0.060937500000000006
0 0.4765625 0.43046875 0.018750000000000003 0.026562500000000003
0 0.6859375000000001 0.3328125 0.0125 0.03125
0 0.49765625 0.29140625000000003 0.0421875 0.045312500000000006
0 0.6062500000000001 0.1921875 0.146875 0.203125
0 0.6976562500000001 0.5281250000000001 0.1796875 0.059375000000000004
0 0.65 0.7375 0.225 0.16562500000000002
