3 0.6312500000000001 0.5 0.0625 0.07187500000000001
3 0.6937500000000001 0.5320312500000001 0.05625 0.0546875
3 0.6984375 0.36875 0.184375 0.12187500000000001
3 0.44921875 0.571875 0.0703125 0.059375000000000004
3 0.34296875000000004 0.5375 0.0921875 0.065625
3 0.37890625 0.44843750000000004 0.0765625 0.05625
3 0.503125 0.4 0.0625 0.043750000000000004
3 0.43984375000000003 0.4078125 0.0390625 0.034375
3 0.53515625 0.82578125 0.0671875 0.0546875
3 0.5632812500000001 0.6820312500000001 0.07968750000000001 0.060937500000000006
