0 0.1953125 0.36953125000000003 0.078125 0.0765625
0 0.36640625000000004 0.44296875 0.026562500000000003 0.029687500000000002
0 0.39687500000000003 0.4734375 0.034375 0.037500000000000006
0 0.38515625000000003 0.30625 0.08281250000000001 0.078125
0 0.50703125 0.6046875 0.0328125 0.040625
0 0.4453125 0.6570312500000001 0.053125000000000006 0.0703125
0 0.4390625 0.59921875 0.028125 0.0328125
0 0.61640625 0.77890625 0.026562500000000003 0.035937500000000004
0 0.4078125 0.74765625 0.059375000000000004 0.060937500000000006
0 0.47968750000000004 0.8812500000000001 0.225 0.23750000000000002
0 0.70234375 0.584375 0.2015625 0.12812500000000002
0 0.7351562500000001 0.353125 0.2859375 0.25
