3 0.5437500000000001 0.61875 0.1625 0.15937500000000002
3 0.6609375000000001 0.5921875 0.084375 0.09062500000000001
3 0.40703125 0.57734375 0.1171875 0.11406250000000001
3 0.46484375 0.45 0.0671875 0.05625
3 0.5890625 0.38906250000000003 0.12187500000000001 0.11875000000000001
3 0.70859375 0.43593750000000003 0.1484375 0.178125
3 0.62109375 0.30781250000000004 0.051562500000000004 0.053125000000000006
3 0.496875 0.234375 0.19687500000000002 0.18125000000000002
3 0.38906250000000003 0.42500000000000004 0.09375 0.078125
3 0.28671875 0.25078125 0.0578125 0.0484375
3 0.30625 0.30000000000000004 0.146875 0.115625
