3 0.540625 0.6234375000000001 0.171875 0.16875
3 0.6625000000000001 0.6000000000000001 0.09062500000000001 0.09375
3 0.40078125000000003 0.57421875 0.1234375 0.1203125
3 0.46640625 0.44453125000000004 0.0703125 0.060937500000000006
3 0.596875 0.3875 0.12812500000000002 0.125
3 0.71875 0.44140625 0.15937500000000002 0.1859375
3 0.6335937500000001 0.3046875 0.0546875 0.05625
3 0.5085937500000001 0.22265625 0.2078125 0.1921875
3 0.38906250000000003 0.415625 0.096875 0.08125
3 0.28984375 0.23046875 0.060937500000000006 0.051562500000000004
3 0.30781250000000004 0.28359375000000003 0.153125 0.1234375
