3 0.4078125 0.7625000000000001 0.140625 0.115625
3 0.284375 0.6414062500000001 0.046875 0.07968750000000001
3 0.27734375 0.5554687500000001 0.0421875 0.0921875
3 0.3203125 0.5398437500000001 0.040625 0.06406250000000001
3 0.47109375000000003 0.5484375 0.09531250000000001 0.065625
3 0.49921875000000004 0.609375 0.0578125 0.040625
3 0.6125 0.7156250000000001 0.034375 0.043750000000000004
3 0.49375 0.71875 0.037500000000000006 0.037500000000000006
3 0.5375 0.4546875 0.2 0.203125
3 0.74609375 0.68125 0.09531250000000001 0.109375
3 0.8539062500000001 0.6429687500000001 0.051562500000000004 0.0890625
3 0.7921875 0.596875 0.046875 0.05625
