3 0.6117187500000001 0.5890625 0.1859375 0.184375
3 0.69140625 0.47968750000000004 0.09843750000000001 0.10312500000000001
3 0.46484375 0.6546875000000001 0.13593750000000002 0.13125
3 0.42031250000000003 0.503125 0.07500000000000001 0.065625
3 0.48125 0.3609375 0.140625 0.1375
3 0.61640625 0.3125 0.17343750000000002 0.203125
3 0.44843750000000004 0.26875 0.059375000000000004 0.0625
3 0.2890625 0.296875 0.225 0.209375
3 0.3375 0.53828125 0.10625000000000001 0.0890625
3 0.12187500000000001 0.465625 0.065625 0.05625
3 0.17578125 0.49375 0.16718750000000002 0.134375
