0 0.41171875 0.45078125 0.2859375 0.2421875
0 0.54609375 0.284375 0.20468750000000002 0.17500000000000002
0 0.6171875 0.3953125 0.096875 0.08750000000000001
0 0.6890625 0.43515625 0.07500000000000001 0.0703125
0 0.7453125 0.41171875 0.053125000000000006 0.051562500000000004
0 0.7507812500000001 0.33359375 0.0859375 0.0890625
0 0.84296875 0.31093750000000003 0.0328125 0.034375
0 0.48203125 0.6843750000000001 0.0671875 0.07187500000000001
0 0.53828125 0.63046875 0.0390625 0.0421875
0 0.4625 0.78515625 0.0625 0.060937500000000006
0 0.53046875 0.88984375 0.2703125 0.22031250000000002
0 0.6734375 0.7796875000000001 0.03125 0.034375
