3 0.46875 0.6273437500000001 0.059375000000000004 0.06406250000000001
3 0.40078125000000003 0.66171875 0.0421875 0.0328125
3 0.33671875 0.5320312500000001 0.0921875 0.0890625
3 0.40546875000000004 0.43984375000000003 0.18906250000000002 0.1296875
3 0.48984375 0.3921875 0.09531250000000001 0.084375
3 0.609375 0.4703125 0.12187500000000001 0.09062500000000001
3 0.78125 0.43125 0.0625 0.05625
3 0.8289062500000001 0.54609375 0.0390625 0.0546875
3 0.63671875 0.6296875000000001 0.1953125 0.19687500000000002
3 0.59921875 0.39609375 0.0734375 0.0703125
3 0.6484375 0.253125 0.22187500000000002 0.234375
