3 0.534375 0.39687500000000003 0.05625 0.065625
3 0.5890625 0.33671875 0.043750000000000004 0.029687500000000002
3 0.703125 0.4390625 0.09062500000000001 0.08750000000000001
3 0.6726562500000001 0.5593750000000001 0.1953125 0.11875000000000001
3 0.6078125000000001 0.63984375 0.096875 0.07968750000000001
3 0.45703125 0.60859375 0.1234375 0.08281250000000001
3 0.3015625 0.71640625 0.0625 0.0546875
3 0.20859375000000002 0.6203125 0.035937500000000004 0.05625
3 0.36640625000000004 0.46171875 0.1921875 0.1953125
3 0.496875 0.6796875 0.07187500000000001 0.06875
3 0.5046875000000001 0.8406250000000001 0.215625 0.23125
