3 0.34218750000000003 0.19140625 0.084375 0.0765625
3 0.484375 0.3328125 0.053125000000000006 0.05625
3 0.5296875 0.32343750000000004 0.05 0.053125000000000006
3 0.603125 0.38359375 0.065625 0.0859375
3 0.63984375 0.52890625 0.15156250000000002 0.1328125
3 0.7000000000000001 0.45937500000000003 0.109375 0.109375
3 0.31171875000000004 0.49375 0.0859375 0.06875
3 0.33671875 0.5515625000000001 0.06406250000000001 0.059375000000000004
3 0.40859375000000003 0.56484375 0.09843750000000001 0.11406250000000001
3 0.22812500000000002 0.43828125 0.08750000000000001 0.0890625
3 0.35468750000000004 0.35781250000000003 0.08125 0.08125
