3 0.33906250000000004 0.4234375 0.19062500000000002 0.15937500000000002
3 0.62109375 0.4921875 0.07968750000000001 0.05625
3 0.7406250000000001 0.4546875 0.1875 0.13125
3 0.75703125 0.6156250000000001 0.0578125 0.040625
3 0.63046875 0.7429687500000001 0.0921875 0.0703125
3 0.478125 0.80859375 0.05 0.035937500000000004
3 0.53046875 0.9515625000000001 0.09531250000000001 0.07500000000000001
3 0.27890625 0.6976562500000001 0.0578125 0.06406250000000001
3 0.19843750000000002 0.59140625 0.31875000000000003 0.2703125
3 0.2328125 0.8343750000000001 0.225 0.25625000000000003
