0 0.23984375000000002 0.434375 0.0546875 0.05625
0 0.14453125 0.5265625 0.0484375 0.059375000000000004
0 0.19687500000000002 0.478125 0.03125 0.034375
0 0.3609375 0.5789062500000001 0.065625 0.0703125
0 0.5359375000000001 0.59765625 0.065625 0.0703125
0 0.50234375 0.35781250000000003 0.0421875 0.043750000000000004
0 0.62890625 0.3609375 0.0421875 0.043750000000000004
0 0.5046875000000001 0.46484375 0.025 0.026562500000000003
0 0.5906250000000001 0.265625 0.03125 0.03125
0 0.7015625000000001 0.23359375000000002 0.03125 0.035937500000000004
0 0.31875000000000003 0.421875 0.028125 0.028125
0 0.6640625 0.7703125000000001 0.025 0.028125
