3 0.55859375 0.5085937500000001 0.08281250000000001 0.0578125
3 0.49062500000000003 0.56796875 0.065625 0.0546875
3 0.62890625 0.7273437500000001 0.07968750000000001 0.0734375
3 0.6937500000000001 0.60078125 0.16875 0.11093750000000001
3 0.7273437500000001 0.38984375000000004 0.1203125 0.1046875
3 0.5359375000000001 0.30078125 0.09062500000000001 0.1015625
3 0.47109375000000003 0.27968750000000003 0.07968750000000001 0.12187500000000001
3 0.35703125 0.23750000000000002 0.1171875 0.16562500000000002
3 0.17500000000000002 0.33125000000000004 0.059375000000000004 0.059375000000000004
3 0.20078125000000002 0.403125 0.045312500000000006 0.046875
3 0.2609375 0.29921875000000003 0.07500000000000001 0.0765625
