3 0.546875 0.55 0.08125 0.059375000000000004
3 0.51484375 0.47109375000000003 0.06406250000000001 0.0546875
3 0.7015625000000001 0.39921875 0.078125 0.0734375
3 0.7000000000000001 0.5320312500000001 0.1625 0.1171875
3 0.6351562500000001 0.7234375000000001 0.1171875 0.10625000000000001
3 0.43515625 0.7140625 0.0921875 0.1
3 0.37265625 0.70234375 0.08281250000000001 0.1171875
3 0.25859375 0.6882812500000001 0.1203125 0.1609375
3 0.1484375 0.5296875 0.059375000000000004 0.059375000000000004
3 0.20234375000000002 0.48125 0.045312500000000006 0.046875
3 0.20625000000000002 0.59375 0.07500000000000001 0.07500000000000001
