0 0.7914062500000001 0.7000000000000001 0.026562500000000003 0.028125
0 0.8031250000000001 0.65625 0.025 0.018750000000000003
0 0.7273437500000001 0.64375 0.0328125 0.05625
0 0.6953125 0.665625 0.078125 0.096875
0 0.47109375000000003 0.5703125 0.0421875 0.05625
0 0.27968750000000003 0.6218750000000001 0.018750000000000003 0.021875000000000002
0 0.403125 0.39921875 0.028125 0.0390625
0 0.5078125 0.46406250000000004 0.028125 0.028125
0 0.7046875 0.4375 0.040625 0.043750000000000004
0 0.7046875 0.35781250000000003 0.05625 0.046875
0 0.540625 0.25 0.1875 0.146875
0 0.4703125 0.33515625000000004 0.028125 0.0203125
