3 0.46875 0.553125 0.053125000000000006 0.05
3 0.7359375 0.640625 0.06875 0.065625
3 0.628125 0.6359375 0.13125 0.14375000000000002
3 0.5390625 0.6820312500000001 0.053125000000000006 0.0546875
3 0.32734375000000004 0.596875 0.24531250000000002 0.25625000000000003
3 0.56171875 0.39609375 0.1640625 0.1265625
3 0.40546875000000004 0.34453125 0.11093750000000001 0.1078125
3 0.45078125 0.41796875 0.060937500000000006 0.060937500000000006
3 0.26640625 0.4296875 0.0703125 0.06875
3 0.36640625000000004 0.43125 0.07968750000000001 0.09375
