3 0.48671875000000003 0.36484375 0.0890625 0.0859375
3 0.625 0.27187500000000003 0.08125 0.09062500000000001
3 0.6976562500000001 0.34296875000000004 0.0765625 0.0578125
3 0.58984375 0.34687500000000004 0.026562500000000003 0.034375
3 0.26796875000000003 0.41796875 0.15781250000000002 0.1046875
3 0.28359375000000003 0.6203125 0.0703125 0.07187500000000001
3 0.37890625 0.6125 0.1171875 0.08125
3 0.46953125 0.690625 0.051562500000000004 0.053125000000000006
3 0.665625 0.7015625000000001 0.253125 0.171875
3 0.61640625 0.47734375 0.1234375 0.09843750000000001
3 0.6960937500000001 0.61328125 0.2109375 0.15781250000000002
3 0.7820312500000001 0.484375 0.2609375 0.21875
