3 0.3140625 0.49296875 0.078125 0.07968750000000001
3 0.23828125 0.4890625 0.060937500000000006 0.046875
3 0.25625000000000003 0.6375000000000001 0.19687500000000002 0.21875
3 0.42500000000000004 0.53671875 0.065625 0.0734375
3 0.46015625000000004 0.7250000000000001 0.2859375 0.415625
3 0.6117187500000001 0.6859375000000001 0.0859375 0.09062500000000001
3 0.55390625 0.8187500000000001 0.2265625 0.22187500000000002
3 0.6203125 0.4390625 0.36250000000000004 0.33125000000000004
3 0.6359375 0.27578125000000003 0.16562500000000002 0.1296875
3 0.8796875000000001 0.47734375 0.240625 0.18906250000000002
