3 0.76171875 0.7765625 0.0734375 0.059375000000000004
3 0.8078125 0.690625 0.115625 0.09062500000000001
3 0.6820312500000001 0.6882812500000001 0.11093750000000001 0.07968750000000001
3 0.32734375000000004 0.6062500000000001 0.0484375 0.043750000000000004
3 0.47421875 0.6359375 0.060937500000000006 0.059375000000000004
3 0.40078125000000003 0.57578125 0.060937500000000006 0.06406250000000001
3 0.38906250000000003 0.51328125 0.084375 0.0765625
3 0.265625 0.43046875 0.053125000000000006 0.045312500000000006
3 0.33906250000000004 0.4234375 0.05625 0.065625
3 0.5281250000000001 0.5265625 0.1875 0.2625
