0 0.140625 0.796875 0.05 0.078125
0 0.12734375 0.6960937500000001 0.0703125 0.1046875
0 0.29531250000000003 0.6257812500000001 0.215625 0.0578125
0 0.37343750000000003 0.6703125000000001 0.028125 0.021875000000000002
0 0.53125 0.48125 0.06875 0.06875
0 0.596875 0.465625 0.03125 0.043750000000000004
0 0.6203125 0.32734375000000004 0.046875 0.0546875
0 0.63984375 0.265625 0.026562500000000003 0.040625
0 0.80234375 0.35234375 0.029687500000000002 0.051562500000000004
0 0.6179687500000001 0.5671875000000001 0.0421875 0.03125
0 0.7562500000000001 0.20625000000000002 0.03125 0.043750000000000004
0 0.79609375 0.25390625 0.0234375 0.026562500000000003
0 0.225 0.7625000000000001 0.018750000000000003 0.025
