0 0.09609375 0.4421875 0.0734375 0.08125
0 0.11406250000000001 0.503125 0.059375000000000004 0.065625
0 0.14609375 0.5484375 0.0859375 0.08125
0 0.30234375 0.5109375 0.2015625 0.146875
0 0.34453125 0.4390625 0.0328125 0.03125
0 0.31953125000000004 0.39296875000000003 0.0390625 0.045312500000000006
0 0.225 0.3484375 0.021875000000000002 0.025
0 0.18046875 0.43046875 0.026562500000000003 0.0328125
0 0.18671875000000002 0.50390625 0.026562500000000003 0.026562500000000003
0 0.55703125 0.5140625 0.0734375 0.06875
0 0.6140625000000001 0.503125 0.05 0.05
0 0.6976562500000001 0.6078125000000001 0.060937500000000006 0.0625
0 0.83515625 0.50703125 0.045312500000000006 0.0578125
0 0.86328125 0.6492187500000001 0.0484375 0.0546875
0 0.74140625 0.6507812500000001 0.0328125 0.035937500000000004
0 0.8718750000000001 0.58828125 0.034375 0.0328125
0 0.5867187500000001 0.41250000000000003 0.051562500000000004 0.05
0 0.42578125 0.6156250000000001 0.2015625 0.2
0 0.40703125 0.92890625 0.0578125 0.051562500000000004
0 0.57578125 0.63984375 0.0203125 0.0203125
