0 0.72421875 0.13984375000000002 0.0671875 0.07968750000000001
0 0.7609375 0.19140625 0.05625 0.06406250000000001
0 0.77734375 0.24375000000000002 0.08281250000000001 0.078125
0 0.65 0.34218750000000003 0.20625000000000002 0.13125
0 0.56796875 0.33125000000000004 0.029687500000000002 0.03125
0 0.5476562500000001 0.2828125 0.035937500000000004 0.043750000000000004
0 0.5710937500000001 0.18125000000000002 0.0203125 0.025
0 0.6625000000000001 0.19843750000000002 0.025 0.03125
0 0.7171875000000001 0.2484375 0.025 0.025
0 0.49375 0.5437500000000001 0.07187500000000001 0.065625
0 0.45 0.58203125 0.046875 0.0484375
0 0.48125 0.7125 0.059375000000000004 0.059375000000000004
0 0.3171875 0.7562500000000001 0.040625 0.05625
0 0.4109375 0.8671875 0.043750000000000004 0.053125000000000006
0 0.48750000000000004 0.7734375 0.03125 0.034375
0 0.35859375000000004 0.8359375 0.0328125 0.03125
0 0.39765625000000004 0.5046875000000001 0.051562500000000004 0.046875
0 0.6546875000000001 0.5046875000000001 0.19375 0.19062500000000002
0 0.91171875 0.68515625 0.0578125 0.0484375
0 0.58125 0.63671875 0.018750000000000003 0.0203125
