0 0.46875 0.48828125 0.9296875 0.953125
0 0.412109375 0.845703125 0.24609375 0.16015625
0 0.3125 0.537109375 0.125 0.06640625
0 0.5078125 0.494140625 0.078125 0.05078125
0 0.36328125 0.72265625 0.109375 0.0703125
0 0.5234375 0.72265625 0.1328125 0.1171875
0 0.642578125 0.623046875 0.07421875 0.05859375
0 0.65234375 0.74609375 0.109375 0.0859375
0 0.775390625 0.634765625 0.09765625 0.05859375
0 0.779296875 0.5625 0.19921875 0.0859375
0 0.458984375 0.341796875 0.22265625 0.26171875
0 0.06640625 0.537109375 0.0625 0.05859375
0 0.740234375 0.345703125 0.05859375 0.05859375
0 0.78515625 0.4765625 0.09375 0.0625
