0 0.25 0.681640625 0.375 0.19921875
0 0.326171875 0.791015625 0.05078125 0.04296875
0 0.474609375 0.841796875 0.31640625 0.10546875
0 0.58984375 0.69921875 0.0859375 0.0390625
0 0.626953125 0.568359375 0.12109375 0.06640625
0 0.43359375 0.529296875 0.0859375 0.09765625
0 0.451171875 0.4296875 0.05859375 0.109375
0 0.61328125 0.44921875 0.1015625 0.09375
0 0.5234375 0.275390625 0.1328125 0.16015625
0 0.70703125 0.3125 0.1171875 0.0625
0 0.67578125 0.212890625 0.1171875 0.14453125
0 0.767578125 0.099609375 0.09765625 0.09765625
