0 0.580078125 0.837890625 0.19140625 0.10546875
0 0.77734375 0.6953125 0.1953125 0.1015625
0 0.76171875 0.576171875 0.1640625 0.08203125
0 0.841796875 0.30078125 0.06640625 0.0625
0 0.474609375 0.583984375 0.08203125 0.05078125
0 0.5078125 0.751953125 0.0859375 0.06640625
0 0.599609375 0.50390625 0.05078125 0.0390625
0 0.28515625 0.447265625 0.1796875 0.16015625
0 0.4765625 0.431640625 0.21875 0.08984375
0 0.509765625 0.3125 0.17578125 0.15625
0 0.66796875 0.25390625 0.1171875 0.09375
0 0.498046875 0.134765625 0.18359375 0.16015625
0 0.79296875 0.830078125 0.0546875 0.05859375
