0 0.458984375 0.111328125 0.09765625 0.06640625
0 0.5390625 0.1875 0.0390625 0.0390625
0 0.185546875 0.310546875 0.15234375 0.15234375
0 0.310546875 0.35546875 0.09765625 0.046875
0 0.53125 0.4609375 0.109375 0.0703125
0 0.578125 0.568359375 0.1875 0.09765625
0 0.61328125 0.76171875 0.078125 0.0546875
0 0.8203125 0.67578125 0.3359375 0.3046875
0 0.341796875 0.685546875 0.45703125 0.20703125
0 0.208984375 0.892578125 0.05859375 0.01953125
0 0.255859375 0.923828125 0.06640625 0.02734375
0 0.291015625 0.208984375 0.05078125 0.08984375
0 0.65625 0.275390625 0.0234375 0.02734375
0 0.697265625 0.33203125 0.04296875 0.03125
0 0.2265625 0.5625 0.046875 0.03125
0 0.318359375 0.4921875 0.02734375 0.03125
