0 0.150390625 0.638671875 0.15234375 0.10546875
0 0.3984375 0.34765625 0.078125 0.1640625
0 0.4453125 0.169921875 0.078125 0.17578125
0 0.515625 0.1875 0.0703125 0.0859375
0 0.517578125 0.119140625 0.06640625 0.06640625
0 0.279296875 0.404296875 0.16796875 0.07421875
0 0.3125 0.697265625 0.0703125 0.08203125
0 0.591796875 0.8125 0.16015625 0.0703125
0 0.58203125 0.89453125 0.0859375 0.0390625
0 0.623046875 0.185546875 0.05078125 0.08203125
0 0.677734375 0.28125 0.08984375 0.0859375
0 0.8125 0.80859375 0.0625 0.046875
0 0.537109375 0.73046875 0.05078125 0.0546875
