0 0.31640625 0.9375 0.078125 0.03125
0 0.20703125 0.8359375 0.0625 0.03125
0 0.490234375 0.640625 0.07421875 0.03125
0 0.7109375 0.666015625 0.1953125 0.26171875
0 0.587890625 0.703125 0.04296875 0.0390625
0 0.791015625 0.435546875 0.18359375 0.18359375
0 0.3515625 0.251953125 0.046875 0.02734375
0 0.33203125 0.337890625 0.03125 0.10546875
0 0.369140625 0.41015625 0.03515625 0.03125
0 0.4375 0.38671875 0.0625 0.0234375
0 0.58203125 0.33984375 0.046875 0.0390625
0 0.66796875 0.341796875 0.03125 0.02734375
0 0.53125 0.177734375 0.0546875 0.02734375
0 0.6328125 0.162109375 0.1328125 0.12109375
0 0.751953125 0.2265625 0.06640625 0.0390625
0 0.80859375 0.291015625 0.109375 0.10546875
