0 0.1875 0.642578125 0.21875 0.16796875
0 0.267578125 0.5390625 0.08984375 0.0390625
0 0.4140625 0.5703125 0.0859375 0.0546875
0 0.412109375 0.46875 0.10546875 0.0390625
0 0.453125 0.2109375 0.078125 0.0390625
0 0.69921875 0.330078125 0.078125 0.04296875
0 0.638671875 0.265625 0.17578125 0.09375
0 0.59375 0.552734375 0.0703125 0.02734375
0 0.701171875 0.5 0.13671875 0.203125
0 0.458984375 0.83203125 0.04296875 0.03125
0 0.609375 0.6875 0.2578125 0.125
0 0.072265625 0.84765625 0.06640625 0.03125
