0 0.33203125 0.423828125 0.0546875 0.03515625
0 0.36328125 0.501953125 0.0546875 0.04296875
0 0.54296875 0.681640625 0.0546875 0.05078125
0 0.650390625 0.69140625 0.07421875 0.078125
0 0.703125 0.806640625 0.1328125 0.08203125
0 0.728515625 0.7421875 0.10546875 0.0546875
0 0.873046875 0.7265625 0.04296875 0.0390625
0 0.759765625 0.662109375 0.06640625 0.03515625
0 0.80078125 0.60546875 0.1015625 0.0546875
0 0.533203125 0.412109375 0.07421875 0.09765625
0 0.744140625 0.4375 0.10546875 0.1328125
0 0.884765625 0.474609375 0.04296875 0.03515625
0 0.59375 0.19921875 0.0625 0.046875
0 0.40234375 0.580078125 0.0390625 0.02734375
0 0.455078125 0.548828125 0.04296875 0.05078125
0 0.697265625 0.255859375 0.03515625 0.05078125
