0 0.3046875 0.75390625 0.078125 0.0625
0 0.44921875 0.716796875 0.109375 0.10546875
0 0.546875 0.59375 0.1015625 0.1171875
0 0.826171875 0.697265625 0.07421875 0.05078125
0 0.830078125 0.576171875 0.10546875 0.07421875
0 0.197265625 0.595703125 0.05859375 0.05859375
0 0.787109375 0.89453125 0.07421875 0.0546875
0 0.71875 0.767578125 0.140625 0.05078125
0 0.873046875 0.796875 0.10546875 0.0625
0 0.521484375 0.408203125 0.08984375 0.17578125
0 0.40234375 0.380859375 0.078125 0.05078125
0 0.466796875 0.271484375 0.09765625 0.08984375
0 0.4765625 0.19921875 0.25 0.265625
0 0.693359375 0.5078125 0.06640625 0.0546875
