0 0.48828125 0.478515625 0.9296875 0.91796875
0 0.47265625 0.330078125 0.109375 0.08984375
0 0.666015625 0.74609375 0.15234375 0.109375
0 0.552734375 0.841796875 0.08984375 0.07421875
0 0.2890625 0.521484375 0.1015625 0.07421875
0 0.275390625 0.37890625 0.06640625 0.0859375
0 0.35546875 0.2109375 0.125 0.1796875
0 0.64453125 0.34375 0.0703125 0.1328125
0 0.53125 0.234375 0.171875 0.1171875
0 0.59765625 0.33984375 0.046875 0.0625
0 0.517578125 0.5078125 0.09765625 0.0703125
0 0.740234375 0.556640625 0.18359375 0.18359375
0 0.73046875 0.4140625 0.046875 0.1171875
0 0.888671875 0.728515625 0.12109375 0.22265625
0 0.68359375 0.9140625 0.0390625 0.046875
