0 0.2421875 0.697265625 0.0703125 0.07421875
0 0.423828125 0.546875 0.05078125 0.0546875
0 0.29296875 0.4609375 0.0390625 0.078125
0 0.673828125 0.619140625 0.08984375 0.05859375
0 0.6953125 0.533203125 0.0546875 0.04296875
0 0.880859375 0.2890625 0.13671875 0.0546875
0 0.859375 0.201171875 0.171875 0.08984375
0 0.33984375 0.86328125 0.1171875 0.0625
0 0.44921875 0.849609375 0.0859375 0.05859375
0 0.525390625 0.935546875 0.09765625 0.10546875
0 0.697265625 0.8828125 0.26171875 0.09375
0 0.953125 0.123046875 0.03125 0.04296875
