0 0.716796875 0.8359375 0.05078125 0.0390625
0 0.412109375 0.81640625 0.05078125 0.0546875
0 0.443359375 0.77734375 0.05859375 0.046875
0 0.353515625 0.697265625 0.05859375 0.04296875
0 0.4140625 0.716796875 0.0390625 0.07421875
0 0.501953125 0.451171875 0.05859375 0.03515625
0 0.318359375 0.595703125 0.03515625 0.05078125
0 0.416015625 0.267578125 0.05078125 0.05859375
0 0.380859375 0.4140625 0.03515625 0.0390625
0 0.447265625 0.455078125 0.03515625 0.02734375
0 0.490234375 0.216796875 0.04296875 0.04296875
0 0.521484375 0.4140625 0.04296875 0.03125
