0 0.408203125 0.509765625 0.10546875 0.10546875
0 0.2734375 0.53125 0.1015625 0.0625
0 0.3359375 0.802734375 0.1328125 0.06640625
0 0.3984375 0.732421875 0.078125 0.11328125
0 0.498046875 0.724609375 0.11328125 0.16015625
0 0.302734375 0.72265625 0.09765625 0.0859375
0 0.51171875 0.435546875 0.0703125 0.03515625
0 0.60546875 0.337890625 0.125 0.19921875
0 0.326171875 0.30078125 0.04296875 0.0390625
0 0.361328125 0.20703125 0.03515625 0.03125
0 0.423828125 0.32421875 0.03515625 0.0390625
0 0.533203125 0.556640625 0.04296875 0.01953125
0 0.380859375 0.14453125 0.06640625 0.03125
