0 0.197265625 0.96875 0.13671875 0.0625
0 0.529296875 0.873046875 0.09765625 0.07421875
0 0.625 0.826171875 0.046875 0.03515625
0 0.779296875 0.908203125 0.11328125 0.06640625
0 0.92578125 0.958984375 0.046875 0.03515625
0 0.87109375 0.83984375 0.1171875 0.140625
0 0.24609375 0.5078125 0.1640625 0.1953125
0 0.314453125 0.634765625 0.12890625 0.14453125
0 0.498046875 0.31640625 0.05078125 0.046875
0 0.5859375 0.3046875 0.078125 0.125
0 0.48828125 0.4375 0.03125 0.0390625
0 0.462890625 0.49609375 0.05859375 0.046875
0 0.63671875 0.53515625 0.171875 0.109375
0 0.904296875 0.681640625 0.09765625 0.20703125
0 0.740234375 0.66015625 0.17578125 0.1171875
0 0.865234375 0.537109375 0.17578125 0.14453125
0 0.8203125 0.3671875 0.0859375 0.1328125
0 0.767578125 0.107421875 0.15234375 0.19140625
