0 0.142578125 0.65625 0.21484375 0.125
0 0.201171875 0.5078125 0.05078125 0.0390625
0 0.5546875 0.609375 0.15625 0.1015625
0 0.7734375 0.67578125 0.140625 0.125
0 0.873046875 0.75 0.06640625 0.0546875
0 0.896484375 0.673828125 0.07421875 0.05078125
0 0.763671875 0.783203125 0.08984375 0.05859375
0 0.75390625 0.859375 0.0703125 0.046875
0 0.794921875 0.4609375 0.19140625 0.15625
0 0.611328125 0.318359375 0.33203125 0.51953125
0 0.626953125 0.470703125 0.08984375 0.12890625
0 0.59765625 0.701171875 0.0546875 0.05078125
