3 0.40078125000000003 0.7718750000000001 0.34218750000000003 0.384375
3 0.45703125 0.5671875000000001 0.0765625 0.096875
3 0.59921875 0.5007812500000001 0.0703125 0.0578125
3 0.6625000000000001 0.40859375000000003 0.043750000000000004 0.0484375
3 0.51796875 0.45703125 0.0890625 0.0765625
3 0.53046875 0.371875 0.0671875 0.06875
3 0.35703125 0.30625 0.060937500000000006 0.0625
3 0.29453125 0.46640625 0.09843750000000001 0.09531250000000001
3 0.32890625 0.3796875 0.1484375 0.12187500000000001
3 0.42890625000000004 0.2859375 0.0734375 0.0625
3 0.46953125 0.21171875 0.1171875 0.1328125
3 0.5 0.509375 0.07500000000000001 0.059375000000000004
