0 0.6296875000000001 0.45078125 0.040625 0.0484375
0 0.7210937500000001 0.46171875 0.23593750000000002 0.29531250000000003
0 0.8203125 0.328125 0.065625 0.06875
0 0.8070312500000001 0.28203125 0.0328125 0.0328125
0 0.690625 0.2625 0.125 0.18125000000000002
0 0.6640625 0.37812500000000004 0.034375 0.034375
0 0.8640625000000001 0.325 0.025 0.025
0 0.53828125 0.37812500000000004 0.18906250000000002 0.153125
0 0.46640625 0.4140625 0.0703125 0.07187500000000001
0 0.403125 0.40390625 0.046875 0.045312500000000006
0 0.53671875 0.48281250000000003 0.11093750000000001 0.12187500000000001
0 0.31093750000000003 0.4625 0.09375 0.09375
0 0.25703125 0.42500000000000004 0.0546875 0.053125000000000006
0 0.20859375000000002 0.38125000000000003 0.0390625 0.037500000000000006
0 0.28125 0.39921875 0.025 0.0234375
0 0.4453125 0.50546875 0.034375 0.035937500000000004
0 0.7265625 0.66953125 0.05625 0.07968750000000001
0 0.7781250000000001 0.6898437500000001 0.03125 0.0328125
0 0.8515625 0.66015625 0.246875 0.23593750000000002
0 0.93125 0.5625 0.040625 0.043750000000000004
