0 0.48359375000000004 0.6117187500000001 0.11093750000000001 0.1203125
0 0.38515625000000003 0.403125 0.0421875 0.03125
0 0.44296875 0.40546875000000004 0.029687500000000002 0.026562500000000003
0 0.7015625000000001 0.3921875 0.125 0.10312500000000001
0 0.7351562500000001 0.3171875 0.029687500000000002 0.028125
0 0.7984375 0.28359375000000003 0.040625 0.035937500000000004
0 0.81015625 0.37031250000000004 0.0671875 0.043750000000000004
0 0.8656250000000001 0.40156250000000004 0.08750000000000001 0.08750000000000001
0 0.8757812500000001 0.4859375 0.0765625 0.07500000000000001
0 0.9304687500000001 0.54296875 0.1265625 0.1234375
0 0.7351562500000001 0.5109375 0.1703125 0.14375000000000002
