3 0.5328125 0.3359375 0.140625 0.12812500000000002
3 0.43593750000000003 0.30859375 0.025 0.0390625
3 0.29765625 0.5359375000000001 0.0578125 0.05
3 0.359375 0.6453125000000001 0.078125 0.078125
3 0.44765625000000003 0.54140625 0.045312500000000006 0.0671875
3 0.5671875000000001 0.61484375 0.084375 0.06406250000000001
3 0.40625 0.70234375 0.065625 0.060937500000000006
3 0.5203125000000001 0.728125 0.05 0.046875
3 0.7664062500000001 0.5109375 0.051562500000000004 0.07187500000000001
3 0.7171875000000001 0.37109375 0.07500000000000001 0.0734375
3 0.6984375 0.29921875000000003 0.0625 0.0484375
3 0.79609375 0.41484375 0.045312500000000006 0.0421875
3 0.8640625000000001 0.40859375000000003 0.040625 0.0421875
3 0.82578125 0.47187500000000004 0.060937500000000006 0.053125000000000006
