3 0.62421875 0.36328125 0.1859375 0.1796875
3 0.55234375 0.2921875 0.0421875 0.046875
3 0.31796875 0.42265625 0.0765625 0.0734375
3 0.31875000000000003 0.55 0.10625000000000001 0.10625000000000001
3 0.44765625000000003 0.50234375 0.0734375 0.08281250000000001
3 0.5164062500000001 0.625 0.1046875 0.096875
3 0.33125000000000004 0.6234375000000001 0.08750000000000001 0.08750000000000001
3 0.41875 0.70234375 0.065625 0.06406250000000001
3 0.74375 0.6328125 0.08125 0.08750000000000001
3 0.7679687500000001 0.4859375 0.1015625 0.1
3 0.78828125 0.41250000000000003 0.07968750000000001 0.07500000000000001
3 0.81640625 0.5625 0.060937500000000006 0.059375000000000004
3 0.8796875000000001 0.5906250000000001 0.05625 0.05625
3 0.8148437500000001 0.628125 0.07968750000000001 0.07500000000000001
