0 0.35859375000000004 0.415625 0.0765625 0.096875
0 0.3640625 0.20078125000000002 0.037500000000000006 0.0421875
0 0.29765625 0.5328125 0.1703125 0.14375000000000002
0 0.09609375 0.48359375000000004 0.11093750000000001 0.1078125
0 0.15156250000000002 0.5453125 0.08125 0.07500000000000001
0 0.15937500000000002 0.6335937500000001 0.078125 0.08281250000000001
0 0.209375 0.671875 0.078125 0.05
0 0.32734375000000004 0.65546875 0.1265625 0.09531250000000001
0 0.21406250000000002 0.765625 0.037500000000000006 0.034375
0 0.28984375 0.73046875 0.0234375 0.026562500000000003
0 0.35234375 0.7484375000000001 0.029687500000000002 0.040625
0 0.54921875 0.76171875 0.17343750000000002 0.2015625
0 0.45937500000000003 0.7992187500000001 0.08750000000000001 0.1171875
0 0.5921875 0.8671875 0.040625 0.046875
0 0.484375 0.88046875 0.025 0.0203125
0 0.5710937500000001 0.9578125000000001 0.0703125 0.05
