0 0.6781250000000001 0.25234375000000003 0.115625 0.18281250000000002
0 0.7234375000000001 0.45546875000000003 0.240625 0.30781250000000004
0 0.65546875 0.37109375 0.026562500000000003 0.029687500000000002
0 0.8093750000000001 0.31484375000000003 0.059375000000000004 0.06406250000000001
0 0.79453125 0.26796875000000003 0.029687500000000002 0.029687500000000002
0 0.853125 0.30703125000000003 0.028125 0.029687500000000002
0 0.63046875 0.6531250000000001 0.0421875 0.046875
0 0.5953125 0.77265625 0.31562500000000004 0.2546875
0 0.42578125 0.77109375 0.0546875 0.0703125
0 0.6273437500000001 0.44453125000000004 0.0421875 0.0484375
