0 0.225 0.50234375 0.078125 0.0578125
0 0.42109375000000004 0.6156250000000001 0.060937500000000006 0.08750000000000001
0 0.46328125000000003 0.34453125 0.0578125 0.06406250000000001
0 0.45859375 0.25234375000000003 0.0890625 0.0765625
0 0.5578125 0.4078125 0.09062500000000001 0.059375000000000004
0 0.340625 0.30859375 0.05 0.035937500000000004
0 0.3203125 0.24765625000000002 0.084375 0.0734375
0 0.49843750000000003 0.6984375 0.037500000000000006 0.034375
0 0.62109375 0.7445312500000001 0.1796875 0.2671875
0 0.6937500000000001 0.62109375 0.05625 0.035937500000000004
