0 0.36562500000000003 0.40546875000000004 0.07187500000000001 0.0703125
0 0.4078125 0.29375 0.153125 0.20625000000000002
0 0.50625 0.21171875 0.140625 0.19843750000000002
0 0.5703125 0.46640625 0.07187500000000001 0.0546875
0 0.38515625000000003 0.69140625 0.21406250000000002 0.23593750000000002
0 0.49375 0.7898437500000001 0.043750000000000004 0.0328125
0 0.37812500000000004 0.8406250000000001 0.05625 0.043750000000000004
0 0.45390625 0.8914062500000001 0.09843750000000001 0.09843750000000001
0 0.6257812500000001 0.6671875 0.0734375 0.059375000000000004
0 0.6062500000000001 0.8210937500000001 0.1875 0.18906250000000002
0 0.5421875 0.6726562500000001 0.096875 0.0734375
