0 0.46171875 0.8406250000000001 0.051562500000000004 0.19687500000000002
0 0.32734375000000004 0.65546875 0.15781250000000002 0.3015625
0 0.43203125000000003 0.7117187500000001 0.0203125 0.026562500000000003
0 0.30234375 0.83515625 0.0484375 0.0546875
0 0.3375 0.8765625 0.025 0.025
0 0.26171875 0.8625 0.0234375 0.025
0 0.33437500000000003 0.415625 0.03125 0.043750000000000004
0 0.31640625 0.27968750000000003 0.3046875 0.171875
0 0.4890625 0.20703125 0.034375 0.0703125
0 0.42812500000000003 0.625 0.03125 0.043750000000000004
