0 0.3609375 0.66953125 0.059375000000000004 0.09531250000000001
0 0.4390625 0.89765625 0.03125 0.0390625
0 0.25625000000000003 0.56484375 0.1625 0.1171875
0 0.0578125 0.68515625 0.1 0.09531250000000001
0 0.096875 0.60078125 0.07500000000000001 0.06406250000000001
0 0.07500000000000001 0.5046875000000001 0.06875 0.07500000000000001
0 0.115625 0.44609375 0.08125 0.0328125
0 0.246875 0.42421875000000003 0.125 0.0734375
0 0.0890625 0.34453125 0.034375 0.029687500000000002
0 0.18125000000000002 0.35703125 0.018750000000000003 0.026562500000000003
0 0.2421875 0.31640625 0.021875000000000002 0.0390625
0 0.44765625000000003 0.23593750000000002 0.1421875 0.19062500000000002
0 0.33906250000000004 0.22578125000000002 0.065625 0.1171875
0 0.4578125 0.109375 0.034375 0.043750000000000004
0 0.33828125000000003 0.13046875 0.0234375 0.0171875
0 0.40468750000000003 0.01953125 0.07187500000000001 0.035937500000000004
