3 0.40937500000000004 0.51171875 0.1625 0.2015625
3 0.5632812500000001 0.2015625 0.2765625 0.17500000000000002
3 0.5125000000000001 0.32734375000000004 0.09375 0.0671875
3 0.5625 0.37734375000000003 0.08125 0.0546875
3 0.6078125000000001 0.43515625 0.059375000000000004 0.051562500000000004
3 0.66953125 0.46640625 0.09843750000000001 0.08281250000000001
3 0.59921875 0.48203125 0.0421875 0.0390625
3 0.628125 0.534375 0.043750000000000004 0.043750000000000004
3 0.34453125 0.42734375 0.06406250000000001 0.045312500000000006
3 0.31640625 0.4921875 0.0421875 0.043750000000000004
