0 0.27890625 0.7718750000000001 0.1484375 0.140625
0 0.35781250000000003 0.7429687500000001 0.059375000000000004 0.0734375
0 0.3203125 0.6843750000000001 0.05625 0.084375
0 0.37812500000000004 0.6703125000000001 0.07187500000000001 0.0625
0 0.42031250000000003 0.69296875 0.040625 0.0484375
0 0.4234375 0.5750000000000001 0.059375000000000004 0.05625
0 0.35390625000000003 0.603125 0.06406250000000001 0.065625
0 0.26328125 0.51484375 0.060937500000000006 0.0421875
0 0.4140625 0.3671875 0.08125 0.05
0 0.48750000000000004 0.37343750000000003 0.043750000000000004 0.040625
0 0.49453125000000003 0.2984375 0.051562500000000004 0.043750000000000004
0 0.5390625 0.2890625 0.037500000000000006 0.03125
0 0.56171875 0.5359375000000001 0.0921875 0.078125
0 0.6046875 0.6804687500000001 0.12812500000000002 0.1640625
0 0.534375 0.6492187500000001 0.065625 0.07968750000000001
0 0.52734375 0.7203125 0.0484375 0.0625
