3 0.22968750000000002 0.7195312500000001 0.21250000000000002 0.2703125
3 0.44062500000000004 0.8031250000000001 0.065625 0.05
3 0.5632812500000001 0.6648437500000001 0.1609375 0.1484375
3 0.4375 0.65 0.046875 0.07500000000000001
3 0.41718750000000004 0.54453125 0.1125 0.1203125
3 0.5906250000000001 0.44296875 0.040625 0.0734375
3 0.721875 0.33984375 0.1 0.1203125
3 0.7453125 0.446875 0.043750000000000004 0.05625
3 0.4734375 0.34687500000000004 0.12812500000000002 0.078125
3 0.5398437500000001 0.2703125 0.060937500000000006 0.084375
