0 0.28671875 0.46640625 0.0546875 0.0546875
0 0.37343750000000003 0.51171875 0.040625 0.0421875
0 0.5476562500000001 0.39375000000000004 0.029687500000000002 0.03125
0 0.36250000000000004 0.6882812500000001 0.134375 0.1234375
0 0.325 0.62421875 0.046875 0.060937500000000006
0 0.240625 0.775 0.034375 0.03125
0 0.56171875 0.56875 0.0328125 0.03125
0 0.58515625 0.6625000000000001 0.0390625 0.040625
0 0.671875 0.6781250000000001 0.034375 0.037500000000000006
0 0.73828125 0.665625 0.051562500000000004 0.05
0 0.76875 0.5640625 0.09375 0.09062500000000001
0 0.68125 0.52265625 0.059375000000000004 0.06406250000000001
0 0.5359375000000001 0.6687500000000001 0.021875000000000002 0.025
0 0.54296875 0.9164062500000001 0.0671875 0.06406250000000001
0 0.4859375 0.8796875000000001 0.043750000000000004 0.05
