0 0.7351562500000001 0.6585937500000001 0.0421875 0.0421875
0 0.72421875 0.7039062500000001 0.026562500000000003 0.035937500000000004
0 0.66796875 0.61875 0.035937500000000004 0.037500000000000006
0 0.6984375 0.55859375 0.05625 0.06406250000000001
0 0.68671875 0.42109375000000004 0.0328125 0.0390625
0 0.56640625 0.38515625000000003 0.0234375 0.0234375
0 0.58359375 0.35234375 0.0234375 0.026562500000000003
0 0.68515625 0.2703125 0.0421875 0.046875
0 0.609375 0.25078125 0.13125 0.1296875
0 0.48671875000000003 0.39687500000000003 0.035937500000000004 0.06875
0 0.48125 0.32656250000000003 0.03125 0.05625
0 0.415625 0.37343750000000003 0.1125 0.15625
0 0.47734375 0.51015625 0.0765625 0.060937500000000006
0 0.34296875000000004 0.60078125 0.026562500000000003 0.029687500000000002
