0 0.46406250000000004 0.57578125 0.059375000000000004 0.0578125
0 0.57421875 0.6257812500000001 0.045312500000000006 0.0421875
0 0.43828125 0.3484375 0.07968750000000001 0.05625
0 0.50390625 0.36171875000000003 0.045312500000000006 0.0484375
0 0.52890625 0.29375 0.06406250000000001 0.059375000000000004
0 0.58046875 0.290625 0.045312500000000006 0.040625
0 0.5140625 0.50625 0.0625 0.065625
0 0.415625 0.63046875 0.0625 0.0734375
0 0.29296875 0.59609375 0.0546875 0.0546875
0 0.31015625 0.50390625 0.051562500000000004 0.0484375
0 0.4703125 0.6703125000000001 0.07187500000000001 0.07187500000000001
0 0.41953125 0.81953125 0.16718750000000002 0.15156250000000002
0 0.421875 0.721875 0.08750000000000001 0.09375
0 0.4859375 0.7578125 0.084375 0.07500000000000001
