3 0.83359375 0.44843750000000004 0.1203125 0.1
3 0.76171875 0.37031250000000004 0.07968750000000001 0.05
3 0.71875 0.55625 0.053125000000000006 0.046875
3 0.7757812500000001 0.6414062500000001 0.1765625 0.1328125
3 0.6195312500000001 0.7296875 0.051562500000000004 0.0625
3 0.78046875 0.7718750000000001 0.051562500000000004 0.065625
3 0.7265625 0.82421875 0.05 0.06406250000000001
3 0.6062500000000001 0.8453125 0.178125 0.15000000000000002
3 0.6828125 0.4296875 0.037500000000000006 0.037500000000000006
3 0.6179687500000001 0.52890625 0.0390625 0.0765625
3 0.5632812500000001 0.44375000000000003 0.0734375 0.10312500000000001
3 0.47187500000000004 0.58125 0.05 0.028125
