3 0.48984375 0.2484375 0.15156250000000002 0.12812500000000002
3 0.5640625 0.30546875 0.05625 0.060937500000000006
3 0.55390625 0.36875 0.060937500000000006 0.078125
3 0.5 0.53515625 0.06875 0.051562500000000004
3 0.5640625 0.56953125 0.059375000000000004 0.0578125
3 0.33437500000000003 0.48281250000000003 0.19375 0.184375
3 0.42421875000000003 0.58984375 0.060937500000000006 0.0484375
3 0.47890625000000003 0.62109375 0.0328125 0.0328125
3 0.48046875 0.70859375 0.13593750000000002 0.13593750000000002
3 0.7250000000000001 0.46484375 0.246875 0.2390625
3 0.6804687500000001 0.30781250000000004 0.1046875 0.084375
