0 0.284375 0.40546875000000004 0.040625 0.026562500000000003
0 0.4375 0.41953125 0.06875 0.0765625
0 0.51796875 0.33828125000000003 0.060937500000000006 0.045312500000000006
0 0.5453125 0.29453125 0.07500000000000001 0.0578125
0 0.4703125 0.27890625 0.13125 0.1546875
0 0.41328125000000004 0.66796875 0.0328125 0.0390625
0 0.53125 0.659375 0.028125 0.028125
0 0.525 0.69453125 0.025 0.026562500000000003
0 0.465625 0.7976562500000001 0.043750000000000004 0.045312500000000006
0 0.53515625 0.7914062500000001 0.1296875 0.1328125
