3 0.5085937500000001 0.7937500000000001 0.1390625 0.109375
3 0.44609375 0.7265625 0.0484375 0.05625
3 0.46640625 0.6664062500000001 0.051562500000000004 0.0734375
3 0.546875 0.5140625 0.065625 0.040625
3 0.49062500000000003 0.47109375000000003 0.053125000000000006 0.051562500000000004
3 0.6976562500000001 0.59296875 0.1765625 0.1609375
3 0.6296875000000001 0.47500000000000003 0.05625 0.040625
3 0.58125 0.43515625 0.028125 0.029687500000000002
3 0.59375 0.34921875 0.12187500000000001 0.1203125
3 0.3171875 0.54453125 0.22187500000000002 0.2109375
3 0.33437500000000003 0.7039062500000001 0.096875 0.0703125
