0 0.27968750000000003 0.6875 0.046875 0.05
0 0.3484375 0.59296875 0.034375 0.0390625
0 0.596875 0.6234375000000001 0.025 0.028125
0 0.240625 0.4109375 0.13125 0.096875
0 0.23515625 0.5 0.026562500000000003 0.06875
0 0.06406250000000001 0.38515625000000003 0.03125 0.026562500000000003
0 0.5164062500000001 0.4296875 0.029687500000000002 0.028125
0 0.49062500000000003 0.3171875 0.034375 0.037500000000000006
0 0.5734375 0.25390625 0.028125 0.035937500000000004
0 0.6515625 0.23125 0.046875 0.043750000000000004
0 0.7390625000000001 0.32343750000000004 0.084375 0.078125
0 0.6687500000000001 0.4140625 0.05 0.059375000000000004
0 0.43515625 0.3375 0.0171875 0.025
0 0.30859375 0.07109375 0.060937500000000006 0.0546875
0 0.2671875 0.140625 0.034375 0.05
