0 0.39453125 0.5375 0.1078125 0.12812500000000002
0 0.58984375 0.62109375 0.0328125 0.029687500000000002
0 0.80390625 0.5625 0.1765625 0.1125
0 0.60859375 0.42109375000000004 0.0890625 0.0671875
0 0.45546875000000003 0.38906250000000003 0.0328125 0.037500000000000006
0 0.40546875000000004 0.3125 0.0421875 0.034375
0 0.39140625 0.2390625 0.0484375 0.037500000000000006
0 0.4921875 0.17109375000000002 0.07500000000000001 0.0921875
0 0.5554687500000001 0.2390625 0.0390625 0.028125
0 0.5554687500000001 0.3796875 0.0328125 0.037500000000000006
