0 0.6625000000000001 0.8562500000000001 0.040625 0.034375
0 0.66171875 0.8015625000000001 0.0234375 0.028125
0 0.7351562500000001 0.7445312500000001 0.026562500000000003 0.026562500000000003
0 0.7054687500000001 0.7000000000000001 0.0484375 0.040625
0 0.54296875 0.6585937500000001 0.0203125 0.026562500000000003
0 0.67109375 0.7351562500000001 0.0234375 0.0328125
0 0.85546875 0.6882812500000001 0.0421875 0.0328125
0 0.73984375 0.6000000000000001 0.029687500000000002 0.025
0 0.78125 0.5085937500000001 0.15000000000000002 0.1046875
0 0.58125 0.5265625 0.065625 0.065625
0 0.6117187500000001 0.8851562500000001 0.029687500000000002 0.029687500000000002
0 0.6828125 0.90625 0.043750000000000004 0.03125
0 0.3296875 0.58125 0.03125 0.037500000000000006
0 0.584375 0.24765625000000002 0.115625 0.0921875
0 0.35390625000000003 0.2015625 0.1453125 0.1
0 0.246875 0.2171875 0.08125 0.078125
