0 0.64765625 0.4890625 0.1203125 0.1375
0 0.4421875 0.43515625 0.034375 0.0328125
0 0.23984375000000002 0.5242187500000001 0.18281250000000002 0.1328125
0 0.453125 0.6351562500000001 0.09375 0.0765625
0 0.60859375 0.6453125000000001 0.035937500000000004 0.040625
0 0.66796875 0.7125 0.045312500000000006 0.037500000000000006
0 0.69296875 0.7835937500000001 0.051562500000000004 0.0421875
0 0.6046875 0.8640625000000001 0.084375 0.096875
0 0.53125 0.8070312500000001 0.040625 0.0328125
0 0.5109375 0.6687500000000001 0.037500000000000006 0.040625
