0 0.40390625 0.76328125 0.1296875 0.1171875
0 0.2109375 0.66171875 0.146875 0.1265625
0 0.1390625 0.5867187500000001 0.08750000000000001 0.0890625
0 0.6984375 0.6828125 0.15000000000000002 0.12812500000000002
0 0.5593750000000001 0.53359375 0.109375 0.1078125
0 0.6140625000000001 0.43593750000000003 0.037500000000000006 0.034375
0 0.7000000000000001 0.35781250000000003 0.125 0.140625
0 0.7609375 0.5 0.0625 0.0625
0 0.8609375 0.5921875 0.040625 0.037500000000000006
0 0.7875000000000001 0.38828125 0.037500000000000006 0.035937500000000004
0 0.821875 0.35468750000000004 0.043750000000000004 0.043750000000000004
0 0.8109375000000001 0.47968750000000004 0.034375 0.037500000000000006
0 0.79609375 0.3046875 0.026562500000000003 0.025
0 0.8625 0.33203125 0.03125 0.029687500000000002
0 0.7265625 0.59375 0.028125 0.028125
