0 0.61640625 0.41250000000000003 0.1296875 0.1375
0 0.5765625 0.34687500000000004 0.040625 0.037500000000000006
0 0.9750000000000001 0.5046875000000001 0.043750000000000004 0.046875
0 0.9187500000000001 0.54921875 0.025 0.029687500000000002
0 0.9421875000000001 0.59609375 0.05 0.0421875
0 0.8968750000000001 0.62890625 0.053125000000000006 0.0671875
0 0.83515625 0.6296875000000001 0.026562500000000003 0.025
0 0.8015625000000001 0.6859375000000001 0.028125 0.034375
0 0.84921875 0.68515625 0.0234375 0.029687500000000002
0 0.7210937500000001 0.6273437500000001 0.09531250000000001 0.1328125
0 0.83359375 0.54140625 0.0421875 0.0484375
0 0.78515625 0.540625 0.0671875 0.09062500000000001
0 0.74765625 0.55625 0.0171875 0.021875000000000002
0 0.7046875 0.5437500000000001 0.043750000000000004 0.053125000000000006
0 0.7703125000000001 0.4265625 0.23125 0.209375
0 0.50625 0.49609375 0.125 0.1078125
0 0.63203125 0.5734375 0.026562500000000003 0.025
0 0.4265625 0.6156250000000001 0.09062500000000001 0.1
