0 0.27578125000000003 0.7820312500000001 0.045312500000000006 0.06406250000000001
0 0.22265625 0.7757812500000001 0.0421875 0.035937500000000004
0 0.22031250000000002 0.73359375 0.018750000000000003 0.026562500000000003
0 0.15234375 0.7265625 0.0390625 0.046875
0 0.32343750000000004 0.7562500000000001 0.021875000000000002 0.025
0 0.3765625 0.78515625 0.021875000000000002 0.026562500000000003
0 0.41171875 0.7078125000000001 0.0765625 0.115625
0 0.284375 0.68515625 0.034375 0.045312500000000006
0 0.32421875 0.6648437500000001 0.0546875 0.07968750000000001
0 0.359375 0.6570312500000001 0.018750000000000003 0.0171875
0 0.38593750000000004 0.6257812500000001 0.034375 0.0421875
0 0.275 0.5640625 0.203125 0.18125000000000002
0 0.40703125 0.478125 0.1421875 0.134375
0 0.39687500000000003 0.40625 0.043750000000000004 0.040625
