0 0.33515625000000004 0.21640625000000002 0.07968750000000001 0.08281250000000001
0 0.33359375 0.27265625 0.0328125 0.0390625
0 0.38515625000000003 0.32109375 0.15156250000000002 0.1296875
0 0.53515625 0.3484375 0.1046875 0.10625000000000001
0 0.5515625000000001 0.2703125 0.034375 0.037500000000000006
0 0.4375 0.1296875 0.028125 0.03125
0 0.4859375 0.146875 0.025 0.025
0 0.48984375 0.17578125 0.026562500000000003 0.026562500000000003
0 0.534375 0.50546875 0.05 0.0546875
0 0.6429687500000001 0.4765625 0.1015625 0.08125
0 0.6976562500000001 0.4625 0.0328125 0.03125
0 0.6687500000000001 0.53671875 0.040625 0.0390625
0 0.64453125 0.57734375 0.0484375 0.045312500000000006
0 0.57421875 0.5640625 0.0328125 0.028125
0 0.45078125 0.58984375 0.2421875 0.2421875
