0 0.26406250000000003 0.37265625 0.065625 0.08281250000000001
0 0.284375 0.4890625 0.078125 0.1
0 0.2578125 0.43281250000000004 0.037500000000000006 0.037500000000000006
0 0.34453125 0.39375000000000004 0.026562500000000003 0.028125
0 0.3671875 0.28750000000000003 0.025 0.028125
0 0.421875 0.33203125 0.025 0.029687500000000002
0 0.47968750000000004 0.43281250000000004 0.037500000000000006 0.028125
0 0.47578125000000004 0.5015625 0.045312500000000006 0.059375000000000004
0 0.29453125 0.54921875 0.2859375 0.22031250000000002
0 0.14375000000000002 0.67890625 0.0625 0.0671875
0 0.2109375 0.7664062500000001 0.028125 0.0328125
0 0.30859375 0.70078125 0.0390625 0.0484375
0 0.36250000000000004 0.6937500000000001 0.037500000000000006 0.046875
0 0.403125 0.7367187500000001 0.078125 0.0703125
0 0.52265625 0.6429687500000001 0.06406250000000001 0.0546875
0 0.57578125 0.67734375 0.0484375 0.051562500000000004
0 0.628125 0.5796875 0.10312500000000001 0.078125
0 0.6898437500000001 0.603125 0.0390625 0.03125
0 0.70703125 0.64765625 0.0484375 0.045312500000000006
0 0.6492187500000001 0.690625 0.035937500000000004 0.03125
0 0.56796875 0.80390625 0.22031250000000002 0.23593750000000002
