0 0.48046875 0.6359375 0.0765625 0.1
0 0.41953125 0.62265625 0.051562500000000004 0.051562500000000004
0 0.28046875 0.50234375 0.1265625 0.1390625
0 0.44765625000000003 0.46796875000000004 0.0421875 0.0390625
0 0.446875 0.42734375 0.03125 0.026562500000000003
0 0.51796875 0.384375 0.051562500000000004 0.05
0 0.5 0.33515625000000004 0.07187500000000001 0.051562500000000004
0 0.4234375 0.3015625 0.171875 0.19062500000000002
0 0.33984375 0.36171875000000003 0.0671875 0.0859375
0 0.28203125 0.40625 0.0421875 0.059375000000000004
0 0.2390625 0.340625 0.07500000000000001 0.08125
0 0.30859375 0.25546875 0.0484375 0.0578125
0 0.2171875 0.22187500000000002 0.08750000000000001 0.09062500000000001
