0 0.846875 0.7679687500000001 0.05625 0.07968750000000001
0 0.790625 0.7890625 0.06875 0.09375
0 0.77734375 0.7046875 0.0484375 0.043750000000000004
0 0.8773437500000001 0.68125 0.0390625 0.078125
0 0.8359375 0.6125 0.034375 0.028125
0 0.69140625 0.59375 0.2859375 0.246875
0 0.56015625 0.71875 0.1078125 0.12187500000000001
0 0.70234375 0.7375 0.0421875 0.05625
0 0.67734375 0.7609375 0.029687500000000002 0.028125
0 0.6570312500000001 0.81171875 0.0484375 0.060937500000000006
0 0.6351562500000001 0.734375 0.0546875 0.059375000000000004
0 0.51953125 0.39140625 0.22968750000000002 0.17343750000000002
0 0.5296875 0.2703125 0.05 0.065625
0 0.58828125 0.15234375 0.029687500000000002 0.026562500000000003
