0 0.42109375000000004 0.56640625 0.0328125 0.035937500000000004
0 0.5046875000000001 0.5828125000000001 0.125 0.115625
0 0.5484375 0.55390625 0.025 0.0234375
0 0.5320312500000001 0.5164062500000001 0.0546875 0.0546875
0 0.5859375 0.49609375 0.03125 0.035937500000000004
0 0.61875 0.48359375000000004 0.08125 0.0671875
0 0.63828125 0.5515625000000001 0.060937500000000006 0.065625
0 0.70625 0.6312500000000001 0.240625 0.19062500000000002
0 0.35546875 0.20625000000000002 0.0859375 0.09375
0 0.29453125 0.215625 0.0671875 0.078125
0 0.25546875 0.29375 0.0765625 0.09062500000000001
0 0.26328125 0.35703125 0.0390625 0.035937500000000004
0 0.390625 0.41250000000000003 0.296875 0.275
0 0.5234375 0.32734375000000004 0.09062500000000001 0.1078125
0 0.42578125 0.27734375 0.0734375 0.08281250000000001
0 0.478125 0.30000000000000004 0.05625 0.059375000000000004
0 0.478125 0.22734375 0.046875 0.0546875
