0 0.43828125 0.41484375 0.0546875 0.0546875
0 0.6117187500000001 0.31484375000000003 0.3046875 0.3515625
0 0.39140625 0.5671875000000001 0.0203125 0.028125
0 0.7140625 0.5476562500000001 0.17500000000000002 0.1015625
0 0.859375 0.5625 0.1 0.07500000000000001
0 0.91171875 0.63046875 0.035937500000000004 0.0328125
0 0.81171875 0.67734375 0.08281250000000001 0.060937500000000006
0 0.72578125 0.6421875 0.035937500000000004 0.03125
0 0.375 0.84765625 0.09062500000000001 0.11093750000000001
0 0.2171875 0.9078125 0.040625 0.043750000000000004
