0 0.1859375 0.603125 0.1125 0.09375
0 0.2546875 0.5078125 0.078125 0.0625
0 0.265625 0.3359375 0.059375000000000004 0.05
0 0.43828125 0.6203125 0.15781250000000002 0.171875
0 0.37031250000000004 0.6703125000000001 0.07500000000000001 0.12187500000000001
0 0.31640625 0.7515625 0.1265625 0.1
0 0.20390625 0.7718750000000001 0.0421875 0.040625
0 0.19062500000000002 0.7093750000000001 0.09062500000000001 0.10312500000000001
0 0.659375 0.55234375 0.0625 0.06406250000000001
0 0.7132812500000001 0.5281250000000001 0.0703125 0.07500000000000001
0 0.62265625 0.4421875 0.0421875 0.046875
0 0.7390625000000001 0.35625 0.043750000000000004 0.046875
0 0.5710937500000001 0.36328125 0.0921875 0.1203125
