0 0.5085937500000001 0.665625 0.0484375 0.07500000000000001
0 0.34765625 0.7156250000000001 0.2921875 0.3375
0 0.309375 0.553125 0.1125 0.065625
0 0.3640625 0.47890625000000003 0.043750000000000004 0.0421875
0 0.321875 0.46406250000000004 0.028125 0.028125
0 0.2609375 0.47734375 0.040625 0.045312500000000006
0 0.4859375 0.3953125 0.03125 0.028125
0 0.44921875 0.375 0.045312500000000006 0.059375000000000004
0 0.37812500000000004 0.35625 0.037500000000000006 0.037500000000000006
0 0.4453125 0.3203125 0.07187500000000001 0.053125000000000006
0 0.36562500000000003 0.29531250000000003 0.053125000000000006 0.05
0 0.34921875 0.21015625000000002 0.07968750000000001 0.0890625
0 0.29375 0.40468750000000003 0.034375 0.03125
0 0.25859375 0.34218750000000003 0.026562500000000003 0.025
0 0.23828125 0.26953125 0.029687500000000002 0.029687500000000002
