0 0.42265625 0.43359375 0.0546875 0.0703125
0 0.28046875 0.5007812500000001 0.3140625 0.33906250000000004
0 0.35703125 0.63671875 0.1046875 0.07968750000000001
0 0.44140625 0.6531250000000001 0.045312500000000006 0.043750000000000004
0 0.421875 0.690625 0.028125 0.028125
0 0.37109375 0.7195312500000001 0.0421875 0.045312500000000006
0 0.578125 0.6335937500000001 0.03125 0.029687500000000002
0 0.565625 0.67109375 0.05 0.0578125
0 0.5281250000000001 0.728125 0.037500000000000006 0.037500000000000006
0 0.59765625 0.7109375 0.0703125 0.059375000000000004
0 0.5593750000000001 0.7781250000000001 0.053125000000000006 0.053125000000000006
0 0.6015625 0.84765625 0.084375 0.0890625
0 0.44062500000000004 0.74921875 0.034375 0.0328125
0 0.45546875000000003 0.8140625 0.026562500000000003 0.025
0 0.48750000000000004 0.8765625 0.03125 0.03125
