0 0.7328125000000001 0.7390625000000001 0.23125 0.15625
0 0.55 0.64765625 0.11875000000000001 0.19843750000000002
0 0.54453125 0.515625 0.09843750000000001 0.08125
0 0.6921875000000001 0.5109375 0.05625 0.05
0 0.69296875 0.6203125 0.045312500000000006 0.040625
0 0.6453125000000001 0.625 0.040625 0.046875
0 0.72578125 0.5796875 0.029687500000000002 0.034375
0 0.8382812500000001 0.5984375000000001 0.029687500000000002 0.034375
0 0.6156250000000001 0.29765625 0.025 0.0328125
0 0.49453125000000003 0.25234375000000003 0.1078125 0.1203125
0 0.43515625 0.23515625 0.0234375 0.0328125
0 0.44062500000000004 0.40937500000000004 0.034375 0.037500000000000006
0 0.49453125000000003 0.4265625 0.0421875 0.059375000000000004
0 0.32656250000000003 0.35468750000000004 0.16875 0.153125
0 0.7296875 0.45390625 0.043750000000000004 0.0421875
