0 0.7546875000000001 0.52890625 0.040625 0.0421875
0 0.5789062500000001 0.5890625 0.11406250000000001 0.10312500000000001
0 0.55078125 0.65234375 0.045312500000000006 0.0578125
0 0.52265625 0.7046875 0.029687500000000002 0.034375
0 0.51796875 0.7421875 0.0578125 0.05
0 0.6414062500000001 0.68671875 0.0703125 0.06406250000000001
0 0.5945312500000001 0.7250000000000001 0.0578125 0.065625
0 0.6781250000000001 0.76171875 0.10312500000000001 0.0921875
0 0.60078125 0.39375000000000004 0.0484375 0.053125000000000006
0 0.5578125 0.34609375000000003 0.034375 0.029687500000000002
0 0.51328125 0.35703125 0.0421875 0.045312500000000006
0 0.4921875 0.3984375 0.053125000000000006 0.046875
0 0.45546875000000003 0.3828125 0.029687500000000002 0.034375
0 0.42500000000000004 0.29140625000000003 0.171875 0.20468750000000002
0 0.5750000000000001 0.2421875 0.043750000000000004 0.037500000000000006
0 0.46640625 0.55078125 0.0546875 0.0546875
0 0.43281250000000004 0.45390625 0.178125 0.1640625
0 0.5476562500000001 0.509375 0.0890625 0.10312500000000001
0 0.32734375000000004 0.53125 0.2484375 0.19687500000000002
