0 0.290625 0.6507812500000001 0.115625 0.1203125
0 0.2078125 0.5859375 0.09375 0.078125
0 0.15937500000000002 0.5242187500000001 0.046875 0.051562500000000004
0 0.23359375000000002 0.44296875 0.1203125 0.1203125
0 0.39921875 0.44062500000000004 0.24531250000000002 0.234375
0 0.4 0.6703125000000001 0.0625 0.078125
0 0.63046875 0.371875 0.0421875 0.043750000000000004
0 0.7445312500000001 0.26640625 0.0484375 0.045312500000000006
0 0.5578125 0.26015625000000003 0.078125 0.08281250000000001
0 0.5242187500000001 0.31328125 0.060937500000000006 0.06406250000000001
0 0.64453125 0.17265625 0.1078125 0.09843750000000001
0 0.6921875000000001 0.44140625 0.109375 0.09531250000000001
