0 0.5015625 0.7820312500000001 0.11875000000000001 0.11406250000000001
0 0.4625 0.6046875 0.153125 0.15000000000000002
0 0.603125 0.48125 0.043750000000000004 0.034375
0 0.66953125 0.703125 0.0734375 0.05
0 0.4078125 0.35703125 0.08750000000000001 0.1203125
0 0.375 0.6414062500000001 0.053125000000000006 0.0921875
0 0.33046875000000003 0.6960937500000001 0.0484375 0.0484375
0 0.36796875 0.7171875000000001 0.0421875 0.043750000000000004
0 0.40546875000000004 0.71015625 0.0328125 0.026562500000000003
0 0.40468750000000003 0.7859375000000001 0.034375 0.028125
