0 0.5242187500000001 0.34140625 0.0421875 0.0390625
0 0.43203125000000003 0.36171875000000003 0.11406250000000001 0.0765625
0 0.6390625000000001 0.35703125 0.05625 0.0578125
0 0.64453125 0.29921875000000003 0.06406250000000001 0.06406250000000001
0 0.49921875000000004 0.19765625 0.0421875 0.035937500000000004
0 0.6171875 0.18906250000000002 0.125 0.10625000000000001
0 0.30000000000000004 0.48750000000000004 0.040625 0.059375000000000004
0 0.34453125 0.49375 0.035937500000000004 0.03125
0 0.3984375 0.52734375 0.05625 0.0390625
0 0.403125 0.5734375 0.015625 0.018750000000000003
0 0.47109375000000003 0.55390625 0.0921875 0.13593750000000002
0 0.31640625 0.5703125 0.06406250000000001 0.05625
0 0.35546875 0.62421875 0.060937500000000006 0.06406250000000001
0 0.278125 0.6531250000000001 0.10312500000000001 0.10625000000000001
0 0.53828125 0.7289062500000001 0.029687500000000002 0.0328125
0 0.5476562500000001 0.5750000000000001 0.029687500000000002 0.028125
0 0.66328125 0.52890625 0.20468750000000002 0.18906250000000002
0 0.79453125 0.6140625000000001 0.1015625 0.10625000000000001
0 0.6351562500000001 0.7562500000000001 0.0890625 0.096875
0 0.7109375 0.7406250000000001 0.040625 0.034375
0 0.80625 0.7296875 0.034375 0.037500000000000006
