0 0.7429687500000001 0.5546875 0.0765625 0.07500000000000001
0 0.73203125 0.6203125 0.060937500000000006 0.07187500000000001
0 0.66953125 0.5609375 0.0234375 0.025
0 0.6421875 0.60078125 0.05 0.0578125
0 0.6609375000000001 0.6625000000000001 0.03125 0.040625
0 0.6890625 0.69453125 0.0625 0.0546875
0 0.81796875 0.58515625 0.11406250000000001 0.1046875
0 0.67109375 0.5 0.0484375 0.053125000000000006
0 0.609375 0.525 0.125 0.125
0 0.46875 0.47265625 0.140625 0.1296875
0 0.5015625 0.58515625 0.07187500000000001 0.0734375
0 0.36484375 0.63984375 0.3140625 0.3015625
