0 0.290625 0.69140625 0.234375 0.1796875
0 0.4765625 0.6351562500000001 0.140625 0.19843750000000002
0 0.503125 0.51328125 0.10312500000000001 0.0890625
0 0.36640625000000004 0.48359375000000004 0.0578125 0.0546875
0 0.34765625 0.5859375 0.0484375 0.043750000000000004
0 0.39140625 0.5984375000000001 0.045312500000000006 0.05
0 0.32265625000000003 0.54296875 0.0328125 0.035937500000000004
0 0.21406250000000002 0.54140625 0.034375 0.035937500000000004
0 0.4734375 0.29609375 0.028125 0.0328125
0 0.59375 0.27421875 0.115625 0.1265625
0 0.65234375 0.26796875000000003 0.026562500000000003 0.0328125
0 0.61875 0.43046875 0.037500000000000006 0.0390625
0 0.5640625 0.43671875000000004 0.046875 0.060937500000000006
0 0.734375 0.39765625000000004 0.178125 0.16718750000000002
0 0.340625 0.42421875000000003 0.046875 0.045312500000000006
