0 0.23125 0.58828125 0.037500000000000006 0.0421875
0 0.40859375000000003 0.44609375 0.11406250000000001 0.0921875
0 0.41484375 0.36328125 0.035937500000000004 0.060937500000000006
0 0.42578125 0.29140625000000003 0.026562500000000003 0.035937500000000004
0 0.415625 0.246875 0.059375000000000004 0.043750000000000004
0 0.296875 0.36015625 0.06875 0.0578125
0 0.33515625000000004 0.2984375 0.051562500000000004 0.065625
0 0.22421875000000002 0.290625 0.1046875 0.08125
0 0.4625 0.6796875 0.043750000000000004 0.053125000000000006
0 0.5320312500000001 0.7156250000000001 0.035937500000000004 0.025
0 0.578125 0.68515625 0.037500000000000006 0.045312500000000006
0 0.5859375 0.6296875000000001 0.053125000000000006 0.040625
0 0.6335937500000001 0.6328125 0.026562500000000003 0.034375
0 0.70625 0.7250000000000001 0.146875 0.21250000000000002
0 0.5546875 0.84140625 0.043750000000000004 0.0328125
0 0.553125 0.4453125 0.05 0.053125000000000006
0 0.63046875 0.5421875 0.1765625 0.146875
0 0.4765625 0.52578125 0.078125 0.1046875
0 0.7195312500000001 0.4109375 0.26406250000000003 0.15937500000000002
