0 0.58046875 0.29375 0.09843750000000001 0.09062500000000001
0 0.5890625 0.45859375 0.125 0.1203125
0 0.44375000000000003 0.5476562500000001 0.037500000000000006 0.026562500000000003
0 0.41796875 0.33984375 0.06406250000000001 0.035937500000000004
0 0.60078125 0.6882812500000001 0.0671875 0.1015625
0 0.671875 0.4390625 0.037500000000000006 0.08125
0 0.7203125 0.39609375 0.040625 0.0390625
0 0.6890625 0.37109375 0.034375 0.035937500000000004
0 0.65625 0.37265625 0.028125 0.0203125
0 0.6671875 0.3046875 0.028125 0.021875000000000002
