0 0.5546875 0.74375 0.11875000000000001 0.209375
0 0.6257812500000001 0.7585937500000001 0.06406250000000001 0.0859375
0 0.6671875 0.6531250000000001 0.140625 0.115625
0 0.7171875000000001 0.83359375 0.084375 0.0765625
0 0.7937500000000001 0.7921875 0.084375 0.1
0 0.7914062500000001 0.7210937500000001 0.029687500000000002 0.029687500000000002
0 0.8132812500000001 0.74609375 0.029687500000000002 0.029687500000000002
0 0.8046875 0.6671875 0.059375000000000004 0.046875
0 0.7734375 0.60859375 0.07500000000000001 0.0921875
0 0.53515625 0.56953125 0.0328125 0.0390625
0 0.61484375 0.4859375 0.0484375 0.034375
0 0.35000000000000003 0.53515625 0.043750000000000004 0.045312500000000006
0 0.45625000000000004 0.33671875 0.06875 0.0671875
