0 0.3015625 0.7953125000000001 0.046875 0.046875
0 0.38125000000000003 0.81640625 0.1375 0.1265625
0 0.41796875 0.69921875 0.0171875 0.0203125
0 0.44453125000000004 0.6570312500000001 0.0203125 0.0234375
0 0.30000000000000004 0.6414062500000001 0.043750000000000004 0.0421875
0 0.3203125 0.5984375000000001 0.025 0.021875000000000002
0 0.6937500000000001 0.4546875 0.13125 0.115625
0 0.61640625 0.17500000000000002 0.051562500000000004 0.043750000000000004
0 0.5640625 0.0859375 0.078125 0.040625
0 0.40234375 0.140625 0.0328125 0.034375
