0 0.53359375 0.7421875 0.07968750000000001 0.19687500000000002
0 0.46875 0.77109375 0.05 0.0765625
0 0.4078125 0.6765625000000001 0.12187500000000001 0.09375
0 0.39453125 0.859375 0.0734375 0.0625
0 0.3125 0.8359375 0.06875 0.08750000000000001
0 0.3015625 0.765625 0.025 0.025
0 0.28515625 0.7937500000000001 0.0234375 0.025
0 0.27734375 0.71640625 0.051562500000000004 0.0390625
0 0.296875 0.65390625 0.059375000000000004 0.08281250000000001
0 0.51953125 0.56953125 0.026562500000000003 0.0328125
0 0.4265625 0.50546875 0.043750000000000004 0.026562500000000003
0 0.69140625 0.5007812500000001 0.035937500000000004 0.0390625
0 0.5515625000000001 0.33046875000000003 0.059375000000000004 0.0546875
