0 0.48281250000000003 0.74140625 0.084375 0.21406250000000002
0 0.5546875 0.7742187500000001 0.053125000000000006 0.08281250000000001
0 0.62265625 0.671875 0.1328125 0.1
0 0.6335937500000001 0.87421875 0.07968750000000001 0.0671875
0 0.72421875 0.84921875 0.0734375 0.09531250000000001
0 0.73828125 0.77265625 0.026562500000000003 0.026562500000000003
0 0.75546875 0.80390625 0.026562500000000003 0.026562500000000003
0 0.765625 0.71875 0.05625 0.040625
0 0.74609375 0.6492187500000001 0.06406250000000001 0.0890625
0 0.50234375 0.55234375 0.029687500000000002 0.035937500000000004
0 0.6062500000000001 0.48281250000000003 0.046875 0.028125
0 0.31484375000000003 0.47265625 0.0390625 0.0421875
0 0.47265625 0.28750000000000003 0.06406250000000001 0.059375000000000004
