0 0.3140625 0.6203125 0.046875 0.034375
0 0.2515625 0.41718750000000004 0.065625 0.037500000000000006
0 0.53046875 0.415625 0.0234375 0.025
0 0.5 0.37109375 0.021875000000000002 0.026562500000000003
0 0.5203125000000001 0.36562500000000003 0.018750000000000003 0.025
0 0.5554687500000001 0.35703125 0.0203125 0.0234375
0 0.6585937500000001 0.68515625 0.0234375 0.0328125
0 0.6062500000000001 0.7585937500000001 0.025 0.026562500000000003
0 0.628125 0.7421875 0.018750000000000003 0.03125
0 0.6671875 0.76953125 0.028125 0.045312500000000006
