0 0.11875000000000001 0.734375 0.0625 0.053125000000000006
0 0.17890625000000002 0.7312500000000001 0.0390625 0.065625
0 0.22578125000000002 0.7312500000000001 0.051562500000000004 0.043750000000000004
0 0.28984375 0.7125 0.0546875 0.043750000000000004
0 0.30078125 0.76875 0.045312500000000006 0.037500000000000006
0 0.359375 0.72265625 0.06875 0.0765625
0 0.6976562500000001 0.63046875 0.1453125 0.08281250000000001
0 0.3328125 0.503125 0.10625000000000001 0.065625
0 0.278125 0.38671875 0.134375 0.1390625
0 0.1703125 0.31953125000000004 0.096875 0.06406250000000001
0 0.2859375 0.27734375 0.05 0.06406250000000001
0 0.36953125000000003 0.3671875 0.0578125 0.07187500000000001
0 0.46953125 0.36171875000000003 0.1859375 0.24531250000000002
0 0.3484375 0.178125 0.2 0.134375
0 0.53359375 0.515625 0.0578125 0.046875
0 0.65390625 0.43671875000000004 0.0671875 0.0921875
0 0.5796875 0.4625 0.028125 0.028125
0 0.74609375 0.35000000000000003 0.0234375 0.03125
