0 0.8226562500000001 0.25 0.060937500000000006 0.053125000000000006
0 0.77265625 0.265625 0.0421875 0.0625
0 0.7312500000000001 0.2765625 0.05 0.043750000000000004
0 0.68125 0.30703125000000003 0.053125000000000006 0.045312500000000006
0 0.6585937500000001 0.26015625000000003 0.045312500000000006 0.0390625
0 0.6179687500000001 0.3140625 0.0703125 0.07500000000000001
0 0.34765625 0.46875 0.13593750000000002 0.09062500000000001
0 0.690625 0.49765625 0.1 0.0703125
0 0.7640625000000001 0.5859375 0.134375 0.1375
0 0.8718750000000001 0.6179687500000001 0.09062500000000001 0.0671875
0 0.7820312500000001 0.68125 0.051562500000000004 0.0625
0 0.6898437500000001 0.62265625 0.0578125 0.0703125
0 0.6039062500000001 0.6492187500000001 0.1921875 0.23593750000000002
0 0.75 0.78046875 0.19062500000000002 0.1421875
0 0.515625 0.53046875 0.05625 0.0484375
0 0.42890625000000004 0.6257812500000001 0.0703125 0.0890625
0 0.48671875000000003 0.5875 0.026562500000000003 0.028125
0 0.36875 0.721875 0.025 0.03125
