0 0.2859375 0.85859375 0.059375000000000004 0.0578125
0 0.33671875 0.8328125000000001 0.0546875 0.0625
0 0.37109375 0.8148437500000001 0.051562500000000004 0.045312500000000006
0 0.41640625000000003 0.77265625 0.0546875 0.051562500000000004
0 0.45156250000000003 0.8078125 0.05 0.040625
0 0.4859375 0.74375 0.1 0.096875
0 0.75703125 0.60859375 0.29531250000000003 0.3640625
0 0.525 0.51015625 0.065625 0.0578125
0 0.5421875 0.44843750000000004 0.034375 0.034375
0 0.5945312500000001 0.40234375 0.0921875 0.1015625
0 0.62890625 0.28984375 0.0328125 0.0328125
0 0.3640625 0.58046875 0.109375 0.07968750000000001
0 0.26640625 0.51796875 0.1484375 0.15156250000000002
0 0.3359375 0.46718750000000003 0.06875 0.078125
0 0.22812500000000002 0.43281250000000004 0.07187500000000001 0.07187500000000001
0 0.15703125 0.51015625 0.09531250000000001 0.08281250000000001
0 0.25234375000000003 0.31875000000000003 0.22031250000000002 0.18125000000000002
0 0.434375 0.41171875 0.24375000000000002 0.2546875
