0 0.06796875000000001 0.42265625 0.09843750000000001 0.0859375
0 0.2546875 0.3828125 0.1625 0.13125
0 0.2109375 0.31796875 0.06875 0.06406250000000001
0 0.79296875 0.215625 0.06406250000000001 0.059375000000000004
0 0.7117187500000001 0.45703125 0.11406250000000001 0.1046875
0 0.784375 0.6859375000000001 0.084375 0.084375
0 0.41718750000000004 0.5437500000000001 0.078125 0.078125
0 0.21953125 0.6390625000000001 0.1484375 0.1125
0 0.4921875 0.73046875 0.07187500000000001 0.051562500000000004
0 0.84140625 0.50390625 0.0546875 0.051562500000000004
