0 0.20859375000000002 0.3484375 0.0578125 0.053125000000000006
0 0.24375000000000002 0.39375000000000004 0.059375000000000004 0.0625
0 0.2703125 0.43046875 0.046875 0.051562500000000004
0 0.328125 0.47187500000000004 0.065625 0.065625
0 0.28828125 0.51171875 0.0546875 0.0578125
0 0.37265625 0.534375 0.1234375 0.1
0 0.5359375000000001 0.51875 0.07500000000000001 0.06875
0 0.59921875 0.49062500000000003 0.051562500000000004 0.046875
0 0.6796875 0.496875 0.09375 0.10625000000000001
0 0.79453125 0.453125 0.0328125 0.034375
0 0.6125 0.784375 0.328125 0.39375000000000004
