0 0.11093750000000001 0.51796875 0.05 0.0390625
0 0.16640625 0.49062500000000003 0.045312500000000006 0.053125000000000006
0 0.209375 0.46796875000000004 0.034375 0.045312500000000006
0 0.28671875 0.45546875000000003 0.0546875 0.051562500000000004
0 0.2671875 0.39687500000000003 0.040625 0.05
0 0.36015625 0.41640625000000003 0.1171875 0.06406250000000001
0 0.5109375 0.51015625 0.065625 0.051562500000000004
0 0.55859375 0.56796875 0.045312500000000006 0.035937500000000004
0 0.63984375 0.60078125 0.06406250000000001 0.09843750000000001
0 0.7312500000000001 0.69921875 0.025 0.029687500000000002
0 0.7132812500000001 0.28828125 0.21406250000000002 0.37031250000000004
