0 0.4 0.76484375 0.025 0.026562500000000003
0 0.24531250000000002 0.790625 0.240625 0.1375
0 0.54296875 0.7625000000000001 0.17343750000000002 0.14375000000000002
0 0.43359375 0.7195312500000001 0.0390625 0.035937500000000004
0 0.37421875000000004 0.70625 0.0578125 0.043750000000000004
0 0.36875 0.6625000000000001 0.025 0.03125
0 0.45703125 0.61640625 0.0484375 0.0484375
0 0.465625 0.5593750000000001 0.034375 0.021875000000000002
0 0.22187500000000002 0.64765625 0.025 0.0328125
0 0.75390625 0.63046875 0.31093750000000003 0.3609375
0 0.6570312500000001 0.41718750000000004 0.0703125 0.1625
0 0.47109375000000003 0.41171875 0.026562500000000003 0.0203125
