0 0.37031250000000004 0.43984375000000003 0.096875 0.1921875
0 0.446875 0.603125 0.06875 0.043750000000000004
0 0.59921875 0.60703125 0.0546875 0.045312500000000006
0 0.58359375 0.553125 0.0328125 0.025
0 0.6937500000000001 0.64375 0.028125 0.034375
0 0.6921875000000001 0.6890625 0.05625 0.040625
0 0.63828125 0.7078125000000001 0.0421875 0.043750000000000004
0 0.52265625 0.74140625 0.2109375 0.19843750000000002
0 0.8367187500000001 0.7546875000000001 0.24531250000000002 0.153125
0 0.83515625 0.60859375 0.026562500000000003 0.0390625
0 0.56015625 0.40703125 0.029687500000000002 0.026562500000000003
0 0.6734375 0.74765625 0.028125 0.026562500000000003
