0 0.84296875 0.53828125 0.0421875 0.045312500000000006
0 0.7976562500000001 0.55234375 0.0421875 0.051562500000000004
0 0.7585937500000001 0.56875 0.035937500000000004 0.040625
0 0.696875 0.57265625 0.043750000000000004 0.051562500000000004
0 0.7132812500000001 0.62109375 0.035937500000000004 0.045312500000000006
0 0.6312500000000001 0.60078125 0.1 0.0703125
0 0.5703125 0.2828125 0.10312500000000001 0.20625000000000002
0 0.41328125000000004 0.43359375 0.06406250000000001 0.08281250000000001
0 0.34687500000000004 0.34140625 0.025 0.026562500000000003
0 0.33359375 0.68125 0.20468750000000002 0.325
