0 0.45937500000000003 0.3765625 0.053125000000000006 0.059375000000000004
0 0.6421875 0.703125 0.10312500000000001 0.115625
0 0.68671875 0.62890625 0.051562500000000004 0.045312500000000006
0 0.6101562500000001 0.6265625 0.0546875 0.05
0 0.65625 0.5890625 0.043750000000000004 0.046875
0 0.5546875 0.521875 0.171875 0.19687500000000002
0 0.67890625 0.44765625000000003 0.07968750000000001 0.0890625
0 0.54140625 0.34296875000000004 0.1921875 0.18281250000000002
0 0.7210937500000001 0.31171875000000004 0.035937500000000004 0.035937500000000004
0 0.6742187500000001 0.28046875 0.026562500000000003 0.026562500000000003
0 0.64453125 0.35390625000000003 0.029687500000000002 0.0328125
