0 0.384375 0.6984375 0.109375 0.13125
0 0.41796875 0.6218750000000001 0.0484375 0.05
0 0.37343750000000003 0.53359375 0.125 0.11093750000000001
0 0.32421875 0.46640625 0.06406250000000001 0.0671875
0 0.28750000000000003 0.50390625 0.053125000000000006 0.0546875
0 0.27187500000000003 0.42578125 0.053125000000000006 0.0546875
0 0.24375000000000002 0.38828125 0.065625 0.0703125
0 0.209375 0.34453125 0.059375000000000004 0.0546875
0 0.6234375000000001 0.2671875 0.19375 0.246875
0 0.6781250000000001 0.503125 0.096875 0.115625
0 0.7992187500000001 0.45703125 0.0390625 0.0390625
0 0.6703125000000001 0.59140625 0.046875 0.0421875
0 0.6414062500000001 0.60546875 0.0328125 0.0328125
0 0.578125 0.69453125 0.265625 0.2015625
0 0.58125 0.8343750000000001 0.284375 0.24375000000000002
