0 0.66953125 0.915625 0.1265625 0.16875
0 0.6765625000000001 0.6828125 0.028125 0.034375
0 0.74140625 0.6015625 0.0234375 0.028125
0 0.6359375 0.53125 0.040625 0.05625
0 0.7140625 0.45078125 0.265625 0.1078125
0 0.6140625000000001 0.37109375 0.10312500000000001 0.0734375
0 0.578125 0.234375 0.22187500000000002 0.209375
0 0.45390625 0.6171875 0.0328125 0.046875
0 0.44921875 0.47500000000000003 0.0328125 0.034375
0 0.371875 0.7250000000000001 0.09375 0.084375
0 0.234375 0.7195312500000001 0.05625 0.0578125
0 0.17734375000000002 0.759375 0.0328125 0.025
