0 0.21484375 0.46640625 0.045312500000000006 0.0421875
0 0.25546875 0.4890625 0.0484375 0.05625
0 0.2890625 0.5140625 0.037500000000000006 0.040625
0 0.35000000000000003 0.534375 0.05 0.05
0 0.32343750000000004 0.57734375 0.043750000000000004 0.045312500000000006
0 0.403125 0.5750000000000001 0.1 0.06875
0 0.53046875 0.5164062500000001 0.0578125 0.0484375
0 0.5750000000000001 0.4734375 0.03125 0.025
0 0.6414062500000001 0.45937500000000003 0.06406250000000001 0.08750000000000001
0 0.7265625 0.38671875 0.03125 0.0328125
0 0.66171875 0.5375 0.035937500000000004 0.03125
0 0.465625 0.6328125 0.037500000000000006 0.043750000000000004
0 0.45546875000000003 0.70234375 0.0546875 0.1078125
0 0.6117187500000001 0.6492187500000001 0.2078125 0.1171875
0 0.6609375000000001 0.7609375 0.21875 0.146875
