0 0.6109375 0.4546875 0.043750000000000004 0.046875
0 0.68359375 0.5828125000000001 0.045312500000000006 0.040625
0 0.7585937500000001 0.6265625 0.1640625 0.12812500000000002
0 0.5875 0.659375 0.043750000000000004 0.03125
0 0.7054687500000001 0.7125 0.0484375 0.05
0 0.57265625 0.5921875 0.0421875 0.046875
0 0.571875 0.55390625 0.021875000000000002 0.0203125
0 0.525 0.48515625 0.096875 0.11406250000000001
0 0.46406250000000004 0.5625 0.028125 0.040625
0 0.421875 0.6015625 0.034375 0.028125
0 0.41953125 0.46796875000000004 0.035937500000000004 0.035937500000000004
0 0.31093750000000003 0.57421875 0.10312500000000001 0.1234375
