0 0.6351562500000001 0.5625 0.0484375 0.05
0 0.6648437500000001 0.4078125 0.0484375 0.043750000000000004
0 0.7273437500000001 0.33828125000000003 0.1765625 0.1390625
0 0.54296875 0.36171875000000003 0.0484375 0.035937500000000004
0 0.64609375 0.2703125 0.051562500000000004 0.053125000000000006
0 0.55 0.43515625 0.046875 0.051562500000000004
0 0.56171875 0.47500000000000003 0.0234375 0.021875000000000002
0 0.5375 0.56015625 0.10625000000000001 0.1234375
0 0.45 0.5015625 0.03125 0.043750000000000004
0 0.39375000000000004 0.47578125000000004 0.037500000000000006 0.029687500000000002
0 0.43671875000000004 0.6125 0.0390625 0.040625
0 0.290625 0.540625 0.1125 0.134375
