0 0.46718750000000003 0.4859375 0.034375 0.034375
0 0.48828125 0.58515625 0.0484375 0.0328125
0 0.31015625 0.67578125 0.0734375 0.0890625
0 0.41640625000000003 0.68515625 0.1234375 0.0703125
0 0.25703125 0.56953125 0.0484375 0.0234375
0 0.09062500000000001 0.43593750000000003 0.034375 0.034375
0 0.21875 0.43125 0.05625 0.043750000000000004
0 0.29140625000000003 0.50625 0.0234375 0.034375
0 0.26328125 0.5390625 0.0203125 0.028125
0 0.34296875000000004 0.3359375 0.0234375 0.028125
0 0.3671875 0.30234375 0.065625 0.0578125
0 0.2 0.3125 0.07500000000000001 0.0625
0 0.28203125 0.278125 0.026562500000000003 0.037500000000000006
0 0.50703125 0.28671875 0.060937500000000006 0.09843750000000001
