0 0.32343750000000004 0.5640625 0.040625 0.025
0 0.35546875 0.65234375 0.0703125 0.07968750000000001
0 0.44453125000000004 0.6671875 0.1078125 0.06875
0 0.509375 0.5750000000000001 0.1125 0.08750000000000001
0 0.6023437500000001 0.5484375 0.0484375 0.059375000000000004
0 0.65625 0.5375 0.043750000000000004 0.05
0 0.67734375 0.56171875 0.07968750000000001 0.1015625
0 0.5421875 0.34453125 0.059375000000000004 0.07968750000000001
0 0.534375 0.43671875000000004 0.15937500000000002 0.1265625
0 0.421875 0.3640625 0.05625 0.0625
0 0.43359375 0.4421875 0.045312500000000006 0.08750000000000001
0 0.29765625 0.44765625000000003 0.045312500000000006 0.0390625
0 0.2890625 0.34765625 0.065625 0.0578125
0 0.36250000000000004 0.32109375 0.021875000000000002 0.029687500000000002
0 0.19062500000000002 0.4421875 0.028125 0.03125
0 0.35000000000000003 0.51171875 0.018750000000000003 0.026562500000000003
0 0.32343750000000004 0.53828125 0.018750000000000003 0.0203125
0 0.20859375000000002 0.3796875 0.0234375 0.028125
