0 0.6078125000000001 0.23125 0.359375 0.31875000000000003
0 0.44140625 0.55859375 0.11406250000000001 0.1203125
0 0.509375 0.50390625 0.028125 0.0234375
0 0.5796875 0.38359375 0.040625 0.035937500000000004
0 0.48515625 0.47578125000000004 0.026562500000000003 0.0328125
0 0.31796875 0.45 0.0546875 0.06875
0 0.61640625 0.46484375 0.0578125 0.0859375
0 0.6375000000000001 0.40703125 0.05 0.0390625
0 0.6882812500000001 0.46640625 0.0578125 0.0484375
0 0.70625 0.5234375 0.11875000000000001 0.084375
0 0.6234375000000001 0.59765625 0.10312500000000001 0.09843750000000001
0 0.7328125000000001 0.5890625 0.1375 0.096875
0 0.54296875 0.54453125 0.0328125 0.035937500000000004
