0 0.140625 0.5953125 0.16875 0.1125
0 0.36328125 0.6109375 0.0546875 0.06875
0 0.36484375 0.51015625 0.0484375 0.0703125
0 0.4578125 0.58203125 0.025 0.0234375
0 0.10234375000000001 0.6859375000000001 0.0671875 0.07187500000000001
0 0.153125 0.7171875000000001 0.046875 0.09062500000000001
0 0.19765625 0.7453125 0.051562500000000004 0.078125
0 0.34140625 0.7703125000000001 0.11093750000000001 0.12187500000000001
0 0.2390625 0.7328125000000001 0.03125 0.040625
0 0.29453125 0.6937500000000001 0.026562500000000003 0.028125
0 0.23750000000000002 0.80390625 0.034375 0.029687500000000002
0 0.553125 0.721875 0.078125 0.1
0 0.66953125 0.8546875 0.2171875 0.09062500000000001
