0 0.728125 0.58359375 0.040625 0.0234375
0 0.6875 0.6726562500000001 0.06875 0.07968750000000001
0 0.59296875 0.68125 0.1078125 0.0625
0 0.5328125 0.5789062500000001 0.1125 0.08281250000000001
0 0.43671875000000004 0.54296875 0.0484375 0.0578125
0 0.38046875 0.5265625 0.0421875 0.05
0 0.35625 0.55078125 0.07500000000000001 0.1015625
0 0.5171875 0.3328125 0.05625 0.08125
0 0.5171875 0.43125 0.15937500000000002 0.12187500000000001
0 0.6414062500000001 0.36328125 0.0546875 0.060937500000000006
0 0.62265625 0.44609375 0.0421875 0.0890625
0 0.76484375 0.4625 0.045312500000000006 0.037500000000000006
0 0.7828125 0.35859375000000004 0.065625 0.0546875
0 0.70859375 0.32421875 0.0203125 0.029687500000000002
0 0.878125 0.46640625 0.028125 0.029687500000000002
0 0.7054687500000001 0.52578125 0.0171875 0.026562500000000003
0 0.7312500000000001 0.5554687500000001 0.018750000000000003 0.0203125
0 0.86484375 0.3984375 0.0234375 0.028125
