0 0.55078125 0.50546875 0.035937500000000004 0.035937500000000004
0 0.54296875 0.59921875 0.0484375 0.035937500000000004
0 0.7171875000000001 0.6609375000000001 0.078125 0.09062500000000001
0 0.62109375 0.6820312500000001 0.1203125 0.07968750000000001
0 0.753125 0.5578125 0.046875 0.028125
0 0.88984375 0.41640625000000003 0.035937500000000004 0.035937500000000004
0 0.7718750000000001 0.4265625 0.05625 0.046875
0 0.7140625 0.50390625 0.025 0.0328125
0 0.74375 0.53125 0.021875000000000002 0.028125
0 0.6468750000000001 0.35468750000000004 0.025 0.028125
0 0.62109375 0.32656250000000003 0.0671875 0.059375000000000004
0 0.775 0.31562500000000004 0.07500000000000001 0.065625
0 0.6960937500000001 0.29375 0.029687500000000002 0.037500000000000006
0 0.49140625000000004 0.328125 0.0671875 0.096875
