0 0.3453125 0.8031250000000001 0.353125 0.296875
0 0.596875 0.47734375 0.10625000000000001 0.1171875
0 0.5109375 0.5234375 0.028125 0.021875000000000002
0 0.4078125 0.6414062500000001 0.040625 0.0328125
0 0.53125 0.55859375 0.025 0.0328125
0 0.71015625 0.6218750000000001 0.0484375 0.06875
0 0.384375 0.54453125 0.05 0.0890625
0 0.35000000000000003 0.6039062500000001 0.05 0.035937500000000004
0 0.30625 0.52734375 0.05625 0.045312500000000006
0 0.2984375 0.4609375 0.12187500000000001 0.07187500000000001
0 0.40468750000000003 0.39687500000000003 0.1 0.09375
0 0.2828125 0.38359375 0.140625 0.08281250000000001
0 0.48203125 0.47109375000000003 0.029687500000000002 0.035937500000000004
