0 0.31093750000000003 0.34765625 0.35625 0.3328125
0 0.6015625 0.5085937500000001 0.115625 0.1203125
0 0.5234375 0.5015625 0.028125 0.025
0 0.40937500000000004 0.446875 0.040625 0.037500000000000006
0 0.52734375 0.46953125 0.029687500000000002 0.0328125
0 0.63984375 0.36562500000000003 0.0578125 0.065625
0 0.4234375 0.5265625 0.065625 0.08125
0 0.37890625 0.49296875 0.0484375 0.0421875
0 0.37031250000000004 0.56484375 0.05625 0.051562500000000004
0 0.38593750000000004 0.61640625 0.1125 0.0921875
0 0.48515625 0.62890625 0.1046875 0.1015625
0 0.39921875 0.6781250000000001 0.1296875 0.10625000000000001
0 0.51875 0.54921875 0.034375 0.035937500000000004
