0 0.3453125 0.671875 0.05 0.040625
0 0.42421875000000003 0.7429687500000001 0.1015625 0.1078125
0 0.521875 0.71015625 0.134375 0.1078125
0 0.5375 0.58203125 0.146875 0.1296875
0 0.6171875 0.5046875000000001 0.07187500000000001 0.078125
0 0.6648437500000001 0.46484375 0.06406250000000001 0.0671875
0 0.69921875 0.478125 0.1171875 0.13125
0 0.44609375 0.3328125 0.0890625 0.10312500000000001
0 0.48750000000000004 0.4296875 0.209375 0.1875
0 0.33671875 0.41718750000000004 0.07968750000000001 0.084375
0 0.390625 0.49062500000000003 0.078125 0.10625000000000001
0 0.25703125 0.56875 0.060937500000000006 0.05625
0 0.19375 0.4734375 0.08750000000000001 0.08125
0 0.25234375000000003 0.4078125 0.0328125 0.037500000000000006
0 0.146875 0.6218750000000001 0.040625 0.040625
0 0.34296875000000004 0.6046875 0.029687500000000002 0.034375
0 0.33125000000000004 0.64609375 0.028125 0.026562500000000003
0 0.1296875 0.5484375 0.034375 0.037500000000000006
