0 0.43046875 0.40078125000000003 0.33906250000000004 0.3671875
0 0.35703125 0.59765625 0.2390625 0.1609375
0 0.246875 0.68515625 0.290625 0.23593750000000002
0 0.48671875000000003 0.74375 0.09843750000000001 0.140625
0 0.51796875 0.6703125000000001 0.0421875 0.046875
0 0.61640625 0.6429687500000001 0.1234375 0.09843750000000001
0 0.69921875 0.6351562500000001 0.060937500000000006 0.06406250000000001
0 0.6953125 0.6921875000000001 0.053125000000000006 0.05625
0 0.765625 0.6507812500000001 0.053125000000000006 0.0578125
0 0.8109375000000001 0.6468750000000001 0.0625 0.06875
0 0.8695312500000001 0.6421875 0.060937500000000006 0.059375000000000004
