0 0.4234375 0.75546875 0.078125 0.1203125
0 0.5632812500000001 0.76328125 0.2734375 0.37343750000000003
0 0.44921875 0.58359375 0.1328125 0.1015625
0 0.6375000000000001 0.6140625000000001 0.08750000000000001 0.184375
0 0.69140625 0.7421875 0.051562500000000004 0.084375
0 0.74765625 0.7703125000000001 0.0546875 0.046875
0 0.7000000000000001 0.6687500000000001 0.037500000000000006 0.040625
0 0.73984375 0.69453125 0.0671875 0.0484375
0 0.35078125000000004 0.521875 0.051562500000000004 0.043750000000000004
0 0.26406250000000003 0.33828125000000003 0.19062500000000002 0.2546875
