0 0.53125 0.49921875000000004 0.043750000000000004 0.0546875
0 0.34921875 0.35234375 0.0921875 0.0859375
0 0.596875 0.29140625000000003 0.246875 0.3171875
0 0.51171875 0.24453125 0.1078125 0.1234375
0 0.453125 0.31796875 0.03125 0.029687500000000002
0 0.496875 0.35625 0.053125000000000006 0.059375000000000004
0 0.6921875000000001 0.4421875 0.17500000000000002 0.19062500000000002
0 0.61328125 0.44765625000000003 0.0390625 0.035937500000000004
0 0.57578125 0.7289062500000001 0.18906250000000002 0.2171875
0 0.61640625 0.6203125 0.0546875 0.043750000000000004
0 0.56484375 0.51796875 0.0484375 0.0484375
