0 0.7515625 0.60859375 0.0625 0.051562500000000004
0 0.7312500000000001 0.6765625000000001 0.08125 0.08750000000000001
0 0.6898437500000001 0.7132812500000001 0.029687500000000002 0.029687500000000002
0 0.71484375 0.5476562500000001 0.1703125 0.11406250000000001
0 0.5703125 0.5421875 0.08125 0.05
0 0.5265625 0.47500000000000003 0.08750000000000001 0.125
0 0.36015625 0.40234375 0.2265625 0.2609375
0 0.37343750000000003 0.54140625 0.034375 0.0421875
0 0.603125 0.43359375 0.0625 0.0546875
0 0.58984375 0.3296875 0.0859375 0.07500000000000001
0 0.5945312500000001 0.3765625 0.026562500000000003 0.03125
0 0.74140625 0.38593750000000004 0.035937500000000004 0.03125
0 0.5328125 0.6171875 0.03125 0.034375
