0 0.67578125 0.66953125 0.11406250000000001 0.09531250000000001
0 0.58046875 0.6335937500000001 0.0734375 0.0765625
0 0.5734375 0.74609375 0.16875 0.18281250000000002
0 0.4765625 0.74140625 0.037500000000000006 0.045312500000000006
0 0.54140625 0.8515625 0.051562500000000004 0.053125000000000006
0 0.47265625 0.83359375 0.08281250000000001 0.0921875
0 0.3484375 0.525 0.30625 0.35000000000000003
0 0.66171875 0.34453125 0.1015625 0.1328125
0 0.6265625 0.42265625 0.046875 0.0484375
0 0.6726562500000001 0.5109375 0.1265625 0.109375
0 0.76171875 0.5390625 0.0578125 0.05625
0 0.7250000000000001 0.57734375 0.059375000000000004 0.0546875
0 0.7828125 0.6179687500000001 0.053125000000000006 0.051562500000000004
0 0.8109375000000001 0.65390625 0.0625 0.06406250000000001
0 0.84375 0.696875 0.0625 0.059375000000000004
0 0.46953125 0.3484375 0.24531250000000002 0.178125
0 0.45859375 0.21171875 0.2859375 0.2421875
