0 0.33515625000000004 0.60703125 0.1015625 0.0671875
0 0.43359375 0.6046875 0.0578125 0.0625
0 0.403125 0.71015625 0.12812500000000002 0.1546875
0 0.49375 0.73828125 0.025 0.0421875
0 0.39765625000000004 0.8171875000000001 0.0390625 0.043750000000000004
0 0.46718750000000003 0.8234375 0.0625 0.078125
0 0.68125 0.58203125 0.22187500000000002 0.3046875
0 0.45390625 0.31484375000000003 0.06406250000000001 0.1234375
0 0.46015625000000004 0.39687500000000003 0.035937500000000004 0.040625
0 0.38984375000000004 0.46328125000000003 0.11093750000000001 0.0765625
0 0.2984375 0.45937500000000003 0.046875 0.043750000000000004
0 0.31953125000000004 0.50625 0.0484375 0.043750000000000004
0 0.253125 0.5242187500000001 0.043750000000000004 0.0390625
0 0.21640625000000002 0.54921875 0.0484375 0.051562500000000004
0 0.17265625 0.5765625 0.051562500000000004 0.046875
0 0.6273437500000001 0.38046875 0.2328125 0.1078125
0 0.6828125 0.26015625000000003 0.253125 0.1703125
