0 0.26015625000000003 0.453125 0.15781250000000002 0.10625000000000001
0 0.21250000000000002 0.5390625 0.07187500000000001 0.053125000000000006
0 0.284375 0.58046875 0.040625 0.060937500000000006
0 0.43281250000000004 0.59140625 0.015625 0.0234375
0 0.49531250000000004 0.64765625 0.078125 0.0859375
0 0.6171875 0.6273437500000001 0.06875 0.0484375
0 0.3375 0.39765625000000004 0.25625000000000003 0.19843750000000002
0 0.55703125 0.33046875000000003 0.1265625 0.08281250000000001
0 0.41015625 0.17265625 0.1015625 0.0703125
0 0.5125000000000001 0.18203125 0.03125 0.029687500000000002
0 0.49062500000000003 0.31953125000000004 0.025 0.0171875
