0 0.20546875 0.634375 0.17343750000000002 0.1
0 0.1328125 0.54296875 0.078125 0.051562500000000004
0 0.20859375000000002 0.47968750000000004 0.0390625 0.065625
0 0.38125000000000003 0.4375 0.015625 0.025
0 0.44296875 0.35859375000000004 0.07968750000000001 0.0890625
0 0.5906250000000001 0.35781250000000003 0.07500000000000001 0.046875
0 0.30781250000000004 0.68359375 0.278125 0.1921875
0 0.578125 0.71875 0.140625 0.07500000000000001
0 0.43828125 0.9328125 0.11093750000000001 0.065625
0 0.55625 0.9015625 0.03125 0.03125
0 0.50234375 0.7445312500000001 0.026562500000000003 0.0171875
