0 0.30078125 0.52265625 0.0890625 0.1078125
0 0.3609375 0.31796875 0.037500000000000006 0.026562500000000003
0 0.42734375 0.3796875 0.0484375 0.059375000000000004
0 0.6453125000000001 0.5 0.08125 0.15000000000000002
0 0.8070312500000001 0.49843750000000003 0.1046875 0.08750000000000001
0 0.796875 0.5671875000000001 0.07500000000000001 0.07500000000000001
0 0.7296875 0.6117187500000001 0.1125 0.0859375
0 0.73046875 0.5015625 0.029687500000000002 0.040625
0 0.5484375 0.5875 0.07187500000000001 0.084375
0 0.6664062500000001 0.75546875 0.17343750000000002 0.0890625
