0 0.46796875000000004 0.41484375 0.0734375 0.0765625
0 0.6195312500000001 0.5 0.06406250000000001 0.08125
0 0.6421875 0.415625 0.040625 0.046875
0 0.47265625 0.5242187500000001 0.0578125 0.0484375
0 0.546875 0.6000000000000001 0.046875 0.037500000000000006
0 0.51328125 0.703125 0.1265625 0.13125
0 0.65625 0.78125 0.084375 0.07500000000000001
0 0.73203125 0.7875000000000001 0.029687500000000002 0.025
0 0.6117187500000001 0.67578125 0.026562500000000003 0.0328125
0 0.6859375000000001 0.5625 0.07500000000000001 0.07187500000000001
0 0.7265625 0.478125 0.034375 0.05
0 0.8 0.4859375 0.12187500000000001 0.125
0 0.8304687500000001 0.40546875000000004 0.0234375 0.026562500000000003
0 0.7367187500000001 0.3875 0.1046875 0.096875
0 0.8015625000000001 0.33046875000000003 0.046875 0.060937500000000006
0 0.846875 0.37812500000000004 0.065625 0.09375
