0 0.18046875 0.31796875 0.08281250000000001 0.08281250000000001
0 0.3671875 0.3140625 0.0625 0.07187500000000001
0 0.31796875 0.43593750000000003 0.0390625 0.037500000000000006
0 0.34140625 0.46718750000000003 0.0328125 0.037500000000000006
0 0.2171875 0.66953125 0.05625 0.051562500000000004
0 0.25078125 0.6296875000000001 0.0578125 0.065625
0 0.27734375 0.59296875 0.0484375 0.0546875
0 0.371875 0.64765625 0.09062500000000001 0.08281250000000001
0 0.46640625 0.6203125 0.0671875 0.06875
0 0.46875 0.728125 0.15000000000000002 0.1625
0 0.55625 0.7328125000000001 0.037500000000000006 0.043750000000000004
0 0.48750000000000004 0.8265625000000001 0.05 0.053125000000000006
0 0.5546875 0.8148437500000001 0.08125 0.0859375
0 0.6843750000000001 0.5320312500000001 0.275 0.3203125
0 0.58046875 0.36328125 0.22968750000000002 0.1609375
0 0.6062500000000001 0.23359375000000002 0.253125 0.2109375
