0 0.6726562500000001 0.59296875 0.0390625 0.0484375
0 0.7921875 0.6062500000000001 0.1 0.09375
0 0.8367187500000001 0.46406250000000004 0.1328125 0.153125
0 0.89765625 0.5609375 0.026562500000000003 0.03125
0 0.9203125000000001 0.6171875 0.053125000000000006 0.059375000000000004
0 0.8835937500000001 0.66328125 0.045312500000000006 0.06406250000000001
0 0.5710937500000001 0.7406250000000001 0.045312500000000006 0.1
0 0.6921875000000001 0.43671875000000004 0.153125 0.1765625
0 0.45390625 0.31875000000000003 0.15781250000000002 0.2
0 0.4734375 0.5320312500000001 0.134375 0.09843750000000001
0 0.58515625 0.1640625 0.0921875 0.078125
0 0.565625 0.29531250000000003 0.040625 0.043750000000000004
0 0.6859375000000001 0.12734375 0.034375 0.035937500000000004
