0 0.375 0.32109375 0.040625 0.0484375
0 0.509375 0.35000000000000003 0.046875 0.03125
0 0.52734375 0.26328125 0.0578125 0.07968750000000001
0 0.6015625 0.2328125 0.07187500000000001 0.1
0 0.565625 0.40078125000000003 0.037500000000000006 0.0421875
0 0.6765625000000001 0.44609375 0.034375 0.0390625
0 0.7367187500000001 0.42734375 0.0390625 0.0578125
0 0.55703125 0.51171875 0.0765625 0.0859375
0 0.6125 0.596875 0.09062500000000001 0.05
0 0.42812500000000003 0.765625 0.09062500000000001 0.05625
0 0.40937500000000004 0.8367187500000001 0.05 0.026562500000000003
0 0.16328125000000002 0.66171875 0.2703125 0.2234375
0 0.25390625 0.46171875 0.029687500000000002 0.0390625
