0 0.78828125 0.20078125000000002 0.0703125 0.0703125
0 0.603125 0.26328125 0.05 0.06406250000000001
0 0.6937500000000001 0.36562500000000003 0.034375 0.03125
0 0.68125 0.40468750000000003 0.025 0.034375
0 0.875 0.56015625 0.05 0.0421875
0 0.828125 0.5328125 0.043750000000000004 0.059375000000000004
0 0.78828125 0.50625 0.0390625 0.046875
0 0.71484375 0.59296875 0.08281250000000001 0.06406250000000001
0 0.6117187500000001 0.5984375000000001 0.0546875 0.059375000000000004
0 0.64765625 0.70625 0.1203125 0.14375000000000002
0 0.5632812500000001 0.74140625 0.029687500000000002 0.0390625
0 0.66328125 0.8093750000000001 0.0390625 0.046875
0 0.59375 0.8226562500000001 0.06875 0.0734375
0 0.3671875 0.58828125 0.209375 0.29531250000000003
0 0.41015625 0.38593750000000004 0.22968750000000002 0.10312500000000001
0 0.33906250000000004 0.2671875 0.234375 0.15625
