0 0.52109375 0.38593750000000004 0.07968750000000001 0.07187500000000001
0 0.56015625 0.3296875 0.045312500000000006 0.046875
0 0.6328125 0.2328125 0.06875 0.09375
0 0.6781250000000001 0.478125 0.05 0.065625
0 0.63671875 0.5453125 0.0578125 0.059375000000000004
0 0.59609375 0.53671875 0.0546875 0.08281250000000001
0 0.465625 0.48359375000000004 0.08125 0.060937500000000006
0 0.47578125000000004 0.62421875 0.060937500000000006 0.0703125
0 0.209375 0.6976562500000001 0.059375000000000004 0.06406250000000001
0 0.27890625 0.89375 0.0390625 0.046875
0 0.36796875 0.55390625 0.1234375 0.13593750000000002
