0 0.11484375000000001 0.515625 0.051562500000000004 0.05
0 0.16562500000000002 0.49375 0.043750000000000004 0.0625
0 0.21171875 0.46796875000000004 0.0421875 0.0484375
0 0.28359375000000003 0.45703125 0.0546875 0.0578125
0 0.26484375 0.39921875 0.035937500000000004 0.0484375
0 0.36328125 0.415625 0.11406250000000001 0.06875
0 0.37031250000000004 0.278125 0.08750000000000001 0.109375
0 0.43515625 0.26953125 0.0421875 0.0578125
0 0.46796875000000004 0.34921875 0.0703125 0.0890625
0 0.5609375 0.37812500000000004 0.07500000000000001 0.065625
0 0.7296875 0.25859375 0.209375 0.21406250000000002
0 0.58984375 0.6570312500000001 0.0390625 0.0734375
0 0.6625000000000001 0.49843750000000003 0.03125 0.03125
0 0.67734375 0.53671875 0.029687500000000002 0.026562500000000003
0 0.8015625000000001 0.7046875 0.08125 0.065625
0 0.28671875 0.56171875 0.08281250000000001 0.0671875
0 0.39609375 0.57265625 0.060937500000000006 0.0578125
0 0.34687500000000004 0.690625 0.115625 0.153125
0 0.43984375000000003 0.73203125 0.029687500000000002 0.0390625
0 0.40156250000000004 0.8187500000000001 0.059375000000000004 0.078125
0 0.325 0.80390625 0.043750000000000004 0.035937500000000004
0 0.58125 0.73828125 0.028125 0.0390625
0 0.55859375 0.278125 0.026562500000000003 0.03125
0 0.4390625 0.19296875000000002 0.018750000000000003 0.026562500000000003
0 0.31093750000000003 0.19296875000000002 0.028125 0.026562500000000003
0 0.5609375 0.19921875 0.025 0.026562500000000003
