0 0.24296875 0.68515625 0.0578125 0.0578125
0 0.27187500000000003 0.6492187500000001 0.05625 0.06406250000000001
0 0.29609375 0.6125 0.051562500000000004 0.053125000000000006
0 0.3453125 0.57578125 0.0625 0.06406250000000001
0 0.30859375 0.540625 0.045312500000000006 0.05
0 0.38828125 0.51328125 0.11093750000000001 0.09531250000000001
0 0.33984375 0.40937500000000004 0.1078125 0.115625
0 0.38359375 0.3765625 0.0546875 0.059375000000000004
0 0.4390625 0.4234375 0.08750000000000001 0.09375
0 0.5203125000000001 0.4078125 0.08125 0.078125
0 0.5984375000000001 0.253125 0.240625 0.240625
0 0.6507812500000001 0.6039062500000001 0.0578125 0.0703125
0 0.6429687500000001 0.4578125 0.035937500000000004 0.034375
0 0.6687500000000001 0.47968750000000004 0.03125 0.03125
0 0.82734375 0.55625 0.0859375 0.08125
0 0.38906250000000003 0.65234375 0.08750000000000001 0.08281250000000001
0 0.47421875 0.6179687500000001 0.0671875 0.0671875
0 0.48359375000000004 0.72421875 0.1453125 0.15781250000000002
0 0.56875 0.71875 0.037500000000000006 0.040625
0 0.5750000000000001 0.7984375 0.07500000000000001 0.08125
0 0.5125000000000001 0.8171875000000001 0.046875 0.043750000000000004
0 0.6765625000000001 0.66796875 0.037500000000000006 0.0390625
0 0.47890625000000003 0.33515625000000004 0.0328125 0.0328125
0 0.35703125 0.31875000000000003 0.0234375 0.028125
0 0.26171875 0.36875 0.0328125 0.03125
0 0.45 0.27578125000000003 0.028125 0.029687500000000002
