0 0.21328125 0.6117187500000001 0.051562500000000004 0.051562500000000004
0 0.25078125 0.584375 0.0484375 0.059375000000000004
0 0.2828125 0.55390625 0.043750000000000004 0.0484375
0 0.33906250000000004 0.53046875 0.05625 0.0578125
0 0.31171875000000004 0.48750000000000004 0.0390625 0.046875
0 0.3953125 0.48125 0.10625000000000001 0.078125
0 0.37343750000000003 0.36875 0.09375 0.10625000000000001
0 0.42421875000000003 0.3484375 0.045312500000000006 0.05625
0 0.46718750000000003 0.40703125 0.07500000000000001 0.0859375
0 0.5476562500000001 0.41171875 0.0734375 0.0671875
0 0.6609375000000001 0.28125 0.21250000000000002 0.215625
0 0.6265625 0.63203125 0.046875 0.0671875
0 0.6546875000000001 0.4890625 0.03125 0.03125
0 0.6742187500000001 0.5171875 0.029687500000000002 0.028125
0 0.8078125 0.62890625 0.078125 0.0703125
0 0.36171875000000003 0.61484375 0.07968750000000001 0.0703125
0 0.45234375000000004 0.6023437500000001 0.060937500000000006 0.0578125
0 0.43671875000000004 0.7078125000000001 0.1234375 0.146875
0 0.5203125000000001 0.7234375000000001 0.03125 0.037500000000000006
0 0.50546875 0.8 0.06406250000000001 0.07500000000000001
0 0.44140625 0.80390625 0.0421875 0.0390625
0 0.6359375 0.7000000000000001 0.03125 0.037500000000000006
0 0.5265625 0.33125000000000004 0.028125 0.03125
0 0.41171875 0.2859375 0.0203125 0.025
0 0.30781250000000004 0.31093750000000003 0.028125 0.028125
0 0.5125000000000001 0.26640625 0.025 0.026562500000000003
