0 0.6843750000000001 0.48046875 0.115625 0.09843750000000001
0 0.6156250000000001 0.5750000000000001 0.046875 0.05625
0 0.6742187500000001 0.6687500000000001 0.1171875 0.140625
0 0.5953125 0.7171875000000001 0.028125 0.034375
0 0.6976562500000001 0.76484375 0.0390625 0.0421875
0 0.6390625000000001 0.7890625 0.0625 0.06875
0 0.46328125000000003 0.6671875 0.0421875 0.07187500000000001
0 0.2828125 0.7296875 0.07500000000000001 0.0625
0 0.37734375000000003 0.57421875 0.0234375 0.0234375
0 0.38359375 0.5375 0.026562500000000003 0.037500000000000006
0 0.45703125 0.42578125 0.0734375 0.06406250000000001
0 0.29765625 0.33984375 0.19843750000000002 0.19843750000000002
0 0.55234375 0.321875 0.045312500000000006 0.040625
0 0.453125 0.33984375 0.025 0.0234375
0 0.4390625 0.27265625 0.025 0.026562500000000003
0 0.6101562500000001 0.30781250000000004 0.07968750000000001 0.059375000000000004
0 0.5453125 0.2546875 0.015625 0.018750000000000003
