0 0.59125 0.7616666666666667 0.135 0.19
0 0.759375 0.7041666666666667 0.13125 0.1716666666666667
0 0.865625 0.7416666666666667 0.03125 0.04
0 0.86375 0.67 0.0275 0.03333333333333333
0 0.67375 0.42333333333333334 0.0675 0.09333333333333334
0 0.5075000000000001 0.44 0.0525 0.06666666666666667
0 0.4325 0.5191666666666667 0.0625 0.06833333333333334
0 0.39125 0.26333333333333336 0.0175 0.02666666666666667
0 0.319375 0.6025 0.03875 0.04833333333333334
0 0.33375 0.6708333333333334 0.14250000000000002 0.15166666666666667
