0 0.535625 0.45333333333333337 0.04875 0.060000000000000005
0 0.64875 0.32083333333333336 0.0175 0.028333333333333335
0 0.39375 0.4141666666666667 0.0525 0.07500000000000001
0 0.294375 0.6366666666666667 0.10625 0.14
0 0.2 0.6516666666666667 0.0325 0.03333333333333333
0 0.205625 0.5908333333333333 0.02375 0.028333333333333335
0 0.418125 0.7200000000000001 0.08125 0.14666666666666667
0 0.55375 0.68 0.0325 0.07333333333333333
0 0.570625 0.6041666666666667 0.09125 0.1716666666666667
0 0.56375 0.8266666666666668 0.035 0.04666666666666667
0 0.5125 0.8433333333333334 0.1 0.14333333333333334
