0 0.658125 0.7016666666666667 0.07875 0.11666666666666667
0 0.600625 0.6533333333333333 0.04875 0.060000000000000005
0 0.645625 0.6233333333333334 0.05625 0.07
0 0.543125 0.6591666666666667 0.04625 0.055
0 0.550625 0.6158333333333333 0.02875 0.028333333333333335
0 0.576875 0.5700000000000001 0.03875 0.04666666666666667
0 0.61 0.5716666666666667 0.015 0.02
0 0.6075 0.5083333333333334 0.0925 0.09333333333333334
0 0.50125 0.36750000000000005 0.0525 0.085
0 0.639375 0.3075 0.058750000000000004 0.06833333333333334
0 0.475625 0.4808333333333334 0.04625 0.06166666666666667
0 0.326875 0.45833333333333337 0.01875 0.023333333333333334
