0 0.605 0.7841666666666667 0.07 0.11833333333333335
0 0.55375 0.6958333333333334 0.05 0.055
0 0.615 0.6875 0.055 0.065
0 0.48562500000000003 0.67 0.04875 0.04666666666666667
0 0.508125 0.6241666666666668 0.03125 0.021666666666666667
0 0.553125 0.5866666666666667 0.03875 0.043333333333333335
0 0.5906250000000001 0.6075 0.01375 0.018333333333333333
0 0.608125 0.5325000000000001 0.10125 0.07166666666666667
0 0.530625 0.31 0.043750000000000004 0.09000000000000001
0 0.709375 0.3191666666666667 0.06125 0.058333333333333334
0 0.465 0.42583333333333334 0.045 0.058333333333333334
0 0.30062500000000003 0.3141666666666667 0.01875 0.021666666666666667
