0 0.46375 0.7591666666666668 0.135 0.18833333333333335
0 0.3 0.7241666666666667 0.13 0.1716666666666667
0 0.20125 0.7716666666666667 0.03 0.04
0 0.198125 0.7033333333333334 0.02625 0.03333333333333333
0 0.3625 0.44583333333333336 0.0675 0.09166666666666667
0 0.5231250000000001 0.44333333333333336 0.051250000000000004 0.06666666666666667
0 0.6 0.51 0.06 0.07
0 0.6225 0.26083333333333336 0.0175 0.025
0 0.713125 0.5758333333333334 0.03875 0.04833333333333334
0 0.703125 0.6425000000000001 0.13875 0.155
