0 0.480625 0.5741666666666667 0.04125 0.055
0 0.32937500000000003 0.6283333333333334 0.01875 0.02666666666666667
0 0.591875 0.7025 0.05375 0.07500000000000001
0 0.610625 0.5233333333333333 0.09375 0.08666666666666667
0 0.574375 0.47000000000000003 0.03625 0.04
0 0.6075 0.4591666666666667 0.015 0.018333333333333333
0 0.540625 0.42500000000000004 0.02625 0.023333333333333334
0 0.53125 0.38333333333333336 0.045 0.05
0 0.59125 0.3775 0.045 0.055
0 0.635625 0.3983333333333334 0.051250000000000004 0.07
0 0.6431250000000001 0.31833333333333336 0.08125 0.11333333333333334
