0 0.5075000000000001 0.7358333333333333 0.065 0.095
0 0.4175 0.7591666666666668 0.0625 0.07500000000000001
0 0.565625 0.5591666666666667 0.04875 0.06166666666666667
0 0.711875 0.5583333333333333 0.02375 0.030000000000000002
0 0.45437500000000003 0.49000000000000005 0.03625 0.04666666666666667
0 0.42312500000000003 0.4941666666666667 0.01875 0.025
0 0.42875 0.5533333333333333 0.09 0.1
0 0.483125 0.3975 0.04625 0.055
0 0.47875 0.44 0.0275 0.03333333333333333
0 0.42375 0.4116666666666667 0.0475 0.060000000000000005
0 0.383125 0.4475 0.05625 0.07166666666666667
0 0.36562500000000003 0.37083333333333335 0.08875 0.11833333333333335
