0 0.550625 0.23083333333333333 0.08875 0.13166666666666668
0 0.524375 0.32916666666666666 0.05625 0.06833333333333334
0 0.58 0.31333333333333335 0.0625 0.08
0 0.46875 0.37833333333333335 0.0525 0.060000000000000005
0 0.49875 0.4108333333333334 0.0325 0.03166666666666667
0 0.546875 0.4266666666666667 0.043750000000000004 0.05333333333333334
0 0.575625 0.39416666666666667 0.01625 0.021666666666666667
0 0.6075 0.4541666666666667 0.105 0.10166666666666667
0 0.58625 0.6816666666666668 0.0575 0.09666666666666668
0 0.74375 0.6058333333333333 0.0675 0.07500000000000001
0 0.5025000000000001 0.6033333333333334 0.0525 0.07
0 0.380625 0.7658333333333334 0.02125 0.025
