0 0.40875 0.7566666666666667 0.1875 0.26
0 0.505 0.665 0.03 0.07666666666666667
0 0.5387500000000001 0.5683333333333334 0.0325 0.05
0 0.398125 0.49750000000000005 0.10375000000000001 0.10166666666666667
0 0.535625 0.8075000000000001 0.02875 0.045000000000000005
0 0.58875 0.8033333333333333 0.08750000000000001 0.13333333333333333
0 0.7625000000000001 0.535 0.095 0.13333333333333333
0 0.863125 0.5091666666666667 0.03125 0.04166666666666667
0 0.8375 0.4541666666666667 0.02 0.021666666666666667
0 0.506875 0.2366666666666667 0.17875 0.2
