0 0.42125 0.32833333333333337 0.115 0.06333333333333334
0 0.349375 0.36750000000000005 0.08875 0.09166666666666667
0 0.30312500000000003 0.5025000000000001 0.07625 0.07833333333333334
0 0.40750000000000003 0.5533333333333333 0.0825 0.07333333333333333
0 0.47625 0.6608333333333334 0.025 0.07833333333333334
0 0.5 0.8391666666666667 0.03 0.04833333333333334
0 0.561875 0.8366666666666667 0.09125 0.15000000000000002
0 0.511875 0.52 0.043750000000000004 0.03666666666666667
0 0.506875 0.1625 0.20125 0.21166666666666667
0 0.788125 0.5441666666666667 0.10875 0.135
0 0.90625 0.5258333333333334 0.03 0.035
0 0.881875 0.46 0.02375 0.023333333333333334
