0 0.16640625 0.4140625 0.1421875 0.1625
0 0.2546875 0.33203125 0.034375 0.051562500000000004
0 0.33984375 0.36796875 0.0671875 0.045312500000000006
0 0.38203125000000004 0.4234375 0.035937500000000004 0.028125
0 0.309375 0.30625 0.03125 0.03125
0 0.49375 0.2546875 0.021875000000000002 0.021875000000000002
0 0.4765625 0.35625 0.1625 0.16562500000000002
0 0.65546875 0.33906250000000004 0.09843750000000001 0.1125
0 0.384375 0.24375000000000002 0.025 0.028125
0 0.33046875000000003 0.56171875 0.07968750000000001 0.0578125
0 0.42578125 0.58046875 0.0484375 0.0578125
0 0.6742187500000001 0.56875 0.0234375 0.028125
0 0.5867187500000001 0.66796875 0.0421875 0.06406250000000001
0 0.57578125 0.7328125000000001 0.029687500000000002 0.043750000000000004
0 0.76328125 0.7195312500000001 0.07968750000000001 0.0578125
0 0.4109375 0.79296875 0.0625 0.0703125
0 0.45546875000000003 0.71640625 0.026562500000000003 0.0328125
0 0.37578125 0.6765625000000001 0.11093750000000001 0.1375
0 0.34921875 0.7703125000000001 0.0390625 0.040625
0 0.23359375000000002 0.52890625 0.035937500000000004 0.0234375
