0 0.6481250000000001 0.47250000000000003 0.08875 0.09833333333333334
0 0.640625 0.5758333333333334 0.07875 0.095
0 0.576875 0.5800000000000001 0.03875 0.060000000000000005
0 0.58625 0.5125000000000001 0.0325 0.055
0 0.57125 0.43083333333333335 0.0275 0.04833333333333334
0 0.5425 0.4466666666666667 0.02 0.03333333333333333
0 0.5125 0.5008333333333334 0.03 0.045000000000000005
0 0.47250000000000003 0.5633333333333334 0.0425 0.12666666666666668
0 0.5231250000000001 0.5516666666666667 0.01375 0.023333333333333334
0 0.521875 0.8341666666666667 0.02875 0.04166666666666667
0 0.463125 0.8350000000000001 0.09375 0.14
0 0.2525 0.5716666666666667 0.095 0.13
0 0.1475 0.5541666666666667 0.0275 0.035
0 0.166875 0.49250000000000005 0.02375 0.021666666666666667
0 0.50625 0.21333333333333335 0.1825 0.2
0 0.419375 0.6116666666666667 0.01375 0.03333333333333333
