0 0.566875 0.6991666666666667 0.11375 0.085
0 0.6375000000000001 0.68 0.0925 0.10333333333333335
0 0.6975 0.5683333333333334 0.08 0.09000000000000001
0 0.609375 0.49750000000000005 0.08375 0.085
0 0.56125 0.38333333333333336 0.0325 0.07666666666666667
0 0.563125 0.21583333333333335 0.03375 0.05166666666666667
0 0.50625 0.20333333333333334 0.10250000000000001 0.15666666666666668
0 0.51 0.5033333333333334 0.045 0.043333333333333335
0 0.466875 0.8300000000000001 0.21125 0.24000000000000002
0 0.261875 0.41583333333333333 0.11625 0.14833333333333334
0 0.1525 0.405 0.0325 0.04
0 0.165625 0.47000000000000003 0.02375 0.02666666666666667
