0 0.491875 0.8391666666666667 0.03125 0.04833333333333334
0 0.55 0.8458333333333334 0.105 0.15166666666666667
0 0.484375 0.6716666666666667 0.03125 0.08
0 0.553125 0.21166666666666667 0.19625 0.22666666666666668
0 0.385625 0.3775 0.09625 0.12166666666666667
0 0.333125 0.5 0.07875 0.08666666666666667
0 0.43 0.5483333333333333 0.095 0.10666666666666667
0 0.785625 0.6075 0.10625 0.14166666666666666
0 0.89125 0.6041666666666667 0.0275 0.035
0 0.8775000000000001 0.5358333333333334 0.025 0.028333333333333335
