0 0.68875 0.6916666666666668 0.225 0.3066666666666667
0 0.5700000000000001 0.6533333333333333 0.0425 0.08333333333333334
0 0.510625 0.5766666666666667 0.03875 0.05666666666666667
0 0.625 0.43750000000000006 0.11750000000000001 0.12833333333333335
0 0.58125 0.8041666666666667 0.035 0.05166666666666667
0 0.53 0.8266666666666668 0.1075 0.15666666666666668
0 0.286875 0.6575000000000001 0.11375 0.155
0 0.183125 0.6841666666666667 0.03625 0.04833333333333334
0 0.1925 0.6166666666666667 0.0225 0.02666666666666667
0 0.446875 0.24333333333333335 0.20625000000000002 0.24666666666666667
