0 0.7937500000000001 0.5808333333333334 0.0275 0.06166666666666667
0 0.785625 0.6266666666666667 0.07375 0.08
0 0.87875 0.5950000000000001 0.025 0.030000000000000002
0 0.8625 0.5291666666666667 0.02 0.025
0 0.73 0.405 0.0675 0.14666666666666667
0 0.548125 0.22333333333333336 0.19375 0.21333333333333335
0 0.38875 0.385 0.095 0.12000000000000001
0 0.34500000000000003 0.5066666666666667 0.07 0.07666666666666667
0 0.434375 0.5491666666666667 0.09125 0.09833333333333334
0 0.48625 0.6675000000000001 0.0275 0.07500000000000001
0 0.49625 0.8258333333333334 0.0275 0.04166666666666667
0 0.553125 0.8308333333333334 0.09625 0.14166666666666666
