0 0.7262500000000001 0.2575 0.0475 0.16166666666666668
0 0.7887500000000001 0.545 0.1075 0.14
0 0.905625 0.5258333333333334 0.02375 0.035
0 0.881875 0.4566666666666667 0.02125 0.02666666666666667
0 0.5075000000000001 0.165 0.1925 0.21666666666666667
0 0.44 0.3925 0.03 0.065
0 0.473125 0.4191666666666667 0.02375 0.04166666666666667
0 0.506875 0.4733333333333334 0.02875 0.043333333333333335
0 0.5575 0.525 0.015 0.04
0 0.42562500000000003 0.49333333333333335 0.043750000000000004 0.060000000000000005
0 0.436875 0.5641666666666667 0.04625 0.06166666666666667
0 0.36062500000000003 0.5575 0.09125 0.10166666666666667
0 0.47500000000000003 0.6641666666666667 0.025 0.08833333333333333
0 0.5 0.8383333333333334 0.03 0.04666666666666667
0 0.56375 0.8350000000000001 0.0975 0.15666666666666668
