0 0.595625 0.2758333333333334 0.20875 0.28500000000000003
0 0.513125 0.385 0.03875 0.08
0 0.49312500000000004 0.4866666666666667 0.03625 0.05333333333333334
0 0.6375000000000001 0.5241666666666667 0.11 0.11833333333333335
0 0.466875 0.2541666666666667 0.03125 0.04833333333333334
0 0.41625 0.26916666666666667 0.1 0.14500000000000002
0 0.28 0.5675 0.105 0.14500000000000002
0 0.185625 0.6125 0.03375 0.045000000000000005
0 0.2175 0.6608333333333334 0.02 0.025
0 0.56375 0.8 0.1925 0.22666666666666668
