0 0.514375 0.8108333333333334 0.10125 0.15166666666666667
0 0.283125 0.6166666666666667 0.19875 0.29000000000000004
0 0.356875 0.7675000000000001 0.02875 0.03833333333333334
0 0.404375 0.5183333333333333 0.08125 0.11
0 0.45937500000000003 0.545 0.04875 0.06666666666666667
0 0.46125 0.4816666666666667 0.04 0.05666666666666667
0 0.48625 0.40750000000000003 0.035 0.06166666666666667
0 0.51125 0.43583333333333335 0.0175 0.03166666666666667
0 0.52875 0.49083333333333334 0.035 0.04166666666666667
0 0.546875 0.5683333333333334 0.051250000000000004 0.09666666666666668
0 0.73875 0.6391666666666667 0.10250000000000001 0.13833333333333334
0 0.834375 0.6558333333333334 0.02625 0.035
0 0.825625 0.5975 0.02125 0.021666666666666667
0 0.576875 0.26 0.18625 0.22
0 0.46187500000000004 0.7933333333333333 0.03875 0.08
