0 0.433125 0.2775 0.03625 0.04833333333333334
0 0.38625 0.3091666666666667 0.11 0.155
0 0.2975 0.6208333333333333 0.11 0.14833333333333334
0 0.216875 0.6883333333333334 0.02875 0.04
0 0.25125000000000003 0.7291666666666667 0.0225 0.025
0 0.598125 0.7733333333333334 0.19625 0.24333333333333335
0 0.59 0.5750000000000001 0.04 0.060000000000000005
0 0.560625 0.5708333333333334 0.02375 0.03833333333333334
0 0.51875 0.5466666666666667 0.035 0.05
0 0.46875 0.5308333333333334 0.0225 0.03833333333333334
0 0.49375 0.39916666666666667 0.04 0.06833333333333334
0 0.603125 0.41833333333333333 0.09375 0.11666666666666667
0 0.546875 0.45083333333333336 0.04875 0.065
0 0.575625 0.49583333333333335 0.04625 0.065
