0 0.47250000000000003 0.23 0.035 0.04666666666666667
0 0.52875 0.21583333333333335 0.105 0.155
0 0.76375 0.4166666666666667 0.1075 0.14666666666666667
0 0.868125 0.4066666666666667 0.02875 0.04
0 0.8575 0.47250000000000003 0.0225 0.021666666666666667
0 0.569375 0.8166666666666668 0.19875 0.23
0 0.47875 0.6333333333333334 0.0375 0.060000000000000005
0 0.50375 0.6033333333333334 0.02 0.04
0 0.528125 0.545 0.03375 0.05
0 0.5650000000000001 0.4866666666666667 0.02 0.04
0 0.47875 0.39083333333333337 0.035 0.07500000000000001
0 0.39 0.5041666666666667 0.095 0.11166666666666668
0 0.45625 0.48500000000000004 0.0475 0.06333333333333334
0 0.4525 0.5491666666666667 0.045 0.065
