0 0.26484375 0.57421875 0.0484375 0.0421875
0 0.42734375 0.67578125 0.0890625 0.0921875
0 0.53046875 0.60859375 0.0734375 0.0765625
0 0.82734375 0.5867187500000001 0.11406250000000001 0.11093750000000001
0 0.6507812500000001 0.48671875000000003 0.0390625 0.035937500000000004
0 0.584375 0.41640625000000003 0.0625 0.0765625
0 0.5515625000000001 0.27421875 0.215625 0.26406250000000003
0 0.296875 0.28046875 0.046875 0.06406250000000001
0 0.21796875000000002 0.3375 0.035937500000000004 0.037500000000000006
0 0.10859375 0.30078125 0.0421875 0.0484375
0 0.19140625 0.3828125 0.029687500000000002 0.028125
0 0.29921875000000003 0.40859375000000003 0.11093750000000001 0.11406250000000001
