0 0.3453125 0.81796875 0.021875000000000002 0.0328125
0 0.39296875000000003 0.83203125 0.0203125 0.0328125
0 0.33046875000000003 0.9226562500000001 0.026562500000000003 0.045312500000000006
0 0.40468750000000003 0.72265625 0.07500000000000001 0.0921875
0 0.66015625 0.72421875 0.1296875 0.2265625
0 0.6203125 0.58125 0.034375 0.0625
0 0.6468750000000001 0.49531250000000004 0.037500000000000006 0.03125
0 0.7523437500000001 0.33125000000000004 0.09531250000000001 0.078125
0 0.375 0.496875 0.35625 0.184375
0 0.37343750000000003 0.603125 0.028125 0.03125
