0 0.26328125 0.78046875 0.029687500000000002 0.0390625
0 0.30781250000000004 0.8078125 0.028125 0.037500000000000006
0 0.21953125 0.8851562500000001 0.035937500000000004 0.051562500000000004
0 0.34921875 0.6984375 0.09531250000000001 0.109375
0 0.6109375 0.765625 0.178125 0.259375
0 0.60859375 0.609375 0.0484375 0.07187500000000001
0 0.6585937500000001 0.5265625 0.045312500000000006 0.040625
0 0.8093750000000001 0.384375 0.115625 0.1
0 0.37734375000000003 0.45703125 0.40468750000000003 0.2609375
0 0.3484375 0.56640625 0.034375 0.0390625
