0 0.29375 0.6625000000000001 0.10625000000000001 0.115625
0 0.18203125 0.7000000000000001 0.029687500000000002 0.028125
0 0.21015625000000002 0.7421875 0.035937500000000004 0.037500000000000006
0 0.09765625 0.7898437500000001 0.0421875 0.051562500000000004
0 0.5640625 0.7859375000000001 0.22812500000000002 0.27187500000000003
0 0.3015625 0.796875 0.05 0.07187500000000001
0 0.61328125 0.6804687500000001 0.0484375 0.045312500000000006
0 0.62109375 0.56484375 0.045312500000000006 0.051562500000000004
0 0.7015625000000001 0.52734375 0.06875 0.0734375
0 0.659375 0.43359375 0.05 0.045312500000000006
0 0.82734375 0.64453125 0.0421875 0.0421875
0 0.41015625 0.36640625000000004 0.0921875 0.1015625
0 0.5234375 0.43203125000000003 0.078125 0.0859375
0 0.246875 0.4859375 0.059375000000000004 0.05
0 0.76171875 0.46953125 0.0328125 0.035937500000000004
