0 0.328125 0.73203125 0.08125 0.1015625
0 0.23203125000000002 0.8140625 0.026562500000000003 0.021875000000000002
0 0.27734375 0.8453125 0.026562500000000003 0.034375
0 0.184375 0.9390625 0.03125 0.046875
0 0.64765625 0.74609375 0.1640625 0.2484375
0 0.38984375000000004 0.86328125 0.029687500000000002 0.0703125
0 0.6546875000000001 0.62109375 0.040625 0.035937500000000004
0 0.6156250000000001 0.50234375 0.034375 0.045312500000000006
0 0.6804687500000001 0.43281250000000004 0.0546875 0.0625
0 0.60078125 0.35625 0.045312500000000006 0.034375
0 0.853125 0.49843750000000003 0.034375 0.034375
0 0.325 0.38984375000000004 0.07187500000000001 0.0890625
0 0.46406250000000004 0.40937500000000004 0.059375000000000004 0.07500000000000001
0 0.21015625000000002 0.5750000000000001 0.0546875 0.037500000000000006
0 0.7171875000000001 0.35000000000000003 0.025 0.03125
