0 0.73359375 0.3640625 0.09843750000000001 0.109375
0 0.8390625 0.31796875 0.028125 0.026562500000000003
0 0.8070312500000001 0.278125 0.0328125 0.037500000000000006
0 0.91328125 0.22031250000000002 0.0390625 0.05
0 0.45703125 0.26875 0.2078125 0.259375
0 0.7132812500000001 0.23359375000000002 0.045312500000000006 0.0703125
0 0.41875 0.3765625 0.043750000000000004 0.040625
0 0.42265625 0.48984375 0.0421875 0.0484375
0 0.34765625 0.534375 0.06406250000000001 0.06875
0 0.39765625000000004 0.62265625 0.0484375 0.0421875
0 0.21328125 0.43203125000000003 0.0390625 0.0390625
0 0.64765625 0.6640625 0.0859375 0.096875
0 0.53046875 0.6109375 0.0703125 0.08125
0 0.79609375 0.5328125 0.0578125 0.046875
0 0.29375 0.59765625 0.03125 0.0328125
