0 0.33984375 0.790625 0.2921875 0.29375
0 0.56875 0.65390625 0.034375 0.035937500000000004
0 0.7664062500000001 0.61875 0.1421875 0.12187500000000001
0 0.76953125 0.478125 0.0421875 0.043750000000000004
0 0.61484375 0.39921875 0.15156250000000002 0.1421875
0 0.44062500000000004 0.38984375000000004 0.11875000000000001 0.1296875
0 0.46406250000000004 0.515625 0.059375000000000004 0.053125000000000006
0 0.27890625 0.5109375 0.0546875 0.043750000000000004
0 0.3484375 0.4765625 0.034375 0.034375
0 0.32734375000000004 0.35625 0.0328125 0.03125
0 0.20390625 0.44843750000000004 0.1484375 0.16562500000000002
