0 0.21171875 0.278125 0.2578125 0.2625
0 0.503125 0.34375 0.03125 0.03125
0 0.7265625 0.3125 0.134375 0.1
0 0.77890625 0.4609375 0.035937500000000004 0.040625
0 0.6414062500000001 0.6000000000000001 0.1390625 0.12187500000000001
0 0.45859375 0.6703125000000001 0.1015625 0.11875000000000001
0 0.44062500000000004 0.5281250000000001 0.05625 0.043750000000000004
0 0.24375000000000002 0.5984375000000001 0.053125000000000006 0.034375
0 0.33046875000000003 0.6101562500000001 0.029687500000000002 0.029687500000000002
0 0.35000000000000003 0.74609375 0.03125 0.026562500000000003
0 0.1859375 0.6898437500000001 0.125 0.1546875
