0 0.83203125 0.20390625 0.18906250000000002 0.22031250000000002
0 0.884375 0.3765625 0.16875 0.125
0 0.71015625 0.353125 0.1765625 0.12187500000000001
0 0.69921875 0.4578125 0.1234375 0.096875
0 0.6859375000000001 0.5109375 0.053125000000000006 0.046875
0 0.60859375 0.5296875 0.051562500000000004 0.059375000000000004
0 0.5875 0.46953125 0.037500000000000006 0.029687500000000002
0 0.6976562500000001 0.6296875000000001 0.1546875 0.19687500000000002
0 0.7765625 0.7562500000000001 0.05 0.059375000000000004
0 0.7195312500000001 0.78125 0.08281250000000001 0.109375
0 0.4234375 0.65234375 0.15937500000000002 0.1453125
0 0.353125 0.390625 0.053125000000000006 0.059375000000000004
0 0.39375000000000004 0.26953125 0.05625 0.06406250000000001
0 0.21250000000000002 0.246875 0.30625 0.25625000000000003
