0 0.42890625000000004 0.5906250000000001 0.0546875 0.125
0 0.12578125 0.65546875 0.2484375 0.16718750000000002
0 0.24609375 0.5234375 0.0546875 0.05
0 0.34218750000000003 0.51015625 0.06875 0.035937500000000004
0 0.39687500000000003 0.4734375 0.028125 0.028125
0 0.47265625 0.3828125 0.18281250000000002 0.16875
0 0.5867187500000001 0.1640625 0.08281250000000001 0.065625
0 0.8367187500000001 0.3640625 0.2828125 0.290625
0 0.721875 0.67734375 0.10312500000000001 0.1609375
0 0.59609375 0.7171875000000001 0.051562500000000004 0.034375
0 0.578125 0.7664062500000001 0.034375 0.035937500000000004
0 0.54921875 0.8265625000000001 0.035937500000000004 0.040625
0 0.30000000000000004 0.06406250000000001 0.046875 0.028125
