0 0.7312500000000001 0.5609375 0.125 0.08750000000000001
0 0.728125 0.65625 0.1625 0.134375
0 0.884375 0.659375 0.13125 0.12812500000000002
0 0.821875 0.80078125 0.21875 0.1953125
0 0.6515625 0.4375 0.053125000000000006 0.05
0 0.6015625 0.5234375 0.028125 0.028125
0 0.58046875 0.4703125 0.0546875 0.059375000000000004
0 0.58984375 0.34218750000000003 0.15156250000000002 0.184375
0 0.57265625 0.20078125000000002 0.045312500000000006 0.051562500000000004
0 0.5203125000000001 0.22109375 0.08125 0.1046875
0 0.375 0.484375 0.146875 0.1375
0 0.45390625 0.5890625 0.0578125 0.05625
0 0.39296875000000003 0.7125 0.06406250000000001 0.059375000000000004
0 0.359375 0.80859375 0.037500000000000006 0.035937500000000004
0 0.2765625 0.7664062500000001 0.08750000000000001 0.0734375
