0 0.52734375 0.83515625 0.0484375 0.051562500000000004
0 0.57578125 0.80859375 0.0890625 0.1046875
0 0.49062500000000003 0.70234375 0.16562500000000002 0.1859375
0 0.4765625 0.58203125 0.053125000000000006 0.0578125
0 0.41640625000000003 0.6257812500000001 0.0578125 0.0546875
0 0.44921875 0.5359375000000001 0.0328125 0.028125
0 0.665625 0.53125 0.153125 0.14375000000000002
0 0.53828125 0.33046875000000003 0.060937500000000006 0.06406250000000001
0 0.4296875 0.284375 0.05 0.05625
0 0.5234375 0.15234375 0.28125 0.2578125
0 0.2171875 0.46718750000000003 0.284375 0.275
