0 0.8265625000000001 0.59765625 0.040625 0.035937500000000004
0 0.8070312500000001 0.67578125 0.0421875 0.0390625
0 0.7000000000000001 0.65546875 0.1375 0.1421875
0 0.446875 0.5789062500000001 0.046875 0.0484375
0 0.375 0.6937500000000001 0.065625 0.059375000000000004
0 0.25703125 0.7296875 0.0890625 0.065625
0 0.32734375000000004 0.78046875 0.035937500000000004 0.035937500000000004
0 0.5867187500000001 0.33515625000000004 0.2015625 0.2421875
0 0.48125 0.35078125000000004 0.034375 0.029687500000000002
0 0.49921875000000004 0.42500000000000004 0.029687500000000002 0.03125
