0 0.45156250000000003 0.45234375000000004 0.065625 0.0859375
0 0.56796875 0.33906250000000004 0.0484375 0.043750000000000004
0 0.55078125 0.30078125 0.029687500000000002 0.0328125
0 0.51875 0.2546875 0.040625 0.040625
0 0.67578125 0.3484375 0.1015625 0.14375000000000002
0 0.47187500000000004 0.5359375000000001 0.19375 0.1125
0 0.3453125 0.52734375 0.025 0.026562500000000003
0 0.42109375000000004 0.6015625 0.0234375 0.028125
0 0.53671875 0.6140625000000001 0.026562500000000003 0.028125
0 0.8078125 0.5859375 0.26875 0.27187500000000003
0 0.6421875 0.7781250000000001 0.06875 0.05
0 0.5640625 0.64453125 0.021875000000000002 0.0328125
0 0.18828125 0.609375 0.0390625 0.05
