0 0.42812500000000003 0.6000000000000001 0.065625 0.096875
0 0.5921875 0.7140625 0.053125000000000006 0.046875
0 0.5789062500000001 0.76484375 0.029687500000000002 0.035937500000000004
0 0.54921875 0.82734375 0.0421875 0.045312500000000006
0 0.721875 0.6820312500000001 0.1 0.1640625
0 0.43515625 0.49375 0.2265625 0.10312500000000001
0 0.2828125 0.5296875 0.028125 0.028125
0 0.3609375 0.42421875000000003 0.025 0.029687500000000002
0 0.49843750000000003 0.38593750000000004 0.028125 0.03125
0 0.83515625 0.36562500000000003 0.2890625 0.29375
0 0.5945312500000001 0.16484375 0.0765625 0.051562500000000004
0 0.52578125 0.34296875000000004 0.0203125 0.0390625
0 0.07578125000000001 0.4609375 0.0390625 0.05625
