0 0.30546875 0.26015625000000003 0.21406250000000002 0.2609375
0 0.55703125 0.1265625 0.0578125 0.040625
0 0.52734375 0.27421875 0.051562500000000004 0.045312500000000006
0 0.5125000000000001 0.321875 0.078125 0.05
0 0.42890625000000004 0.384375 0.1171875 0.11875000000000001
0 0.49843750000000003 0.40390625 0.037500000000000006 0.0421875
0 0.6117187500000001 0.36640625000000004 0.1953125 0.11093750000000001
0 0.63203125 0.16640625 0.029687500000000002 0.0421875
0 0.57578125 0.18515625000000002 0.0234375 0.0234375
0 0.6328125 0.22734375 0.053125000000000006 0.035937500000000004
0 0.671875 0.5390625 0.06875 0.0625
0 0.6843750000000001 0.7367187500000001 0.20625000000000002 0.20468750000000002
0 0.46328125000000003 0.6515625 0.0390625 0.03125
0 0.46015625000000004 0.7781250000000001 0.06406250000000001 0.046875
0 0.55625 0.7562500000000001 0.034375 0.028125
0 0.35390625000000003 0.7125 0.07968750000000001 0.146875
