0 0.759375 0.75703125 0.22812500000000002 0.2671875
0 0.52734375 0.9125000000000001 0.0578125 0.043750000000000004
0 0.5421875 0.765625 0.053125000000000006 0.046875
0 0.55234375 0.71796875 0.07968750000000001 0.0546875
0 0.628125 0.64765625 0.12187500000000001 0.1234375
0 0.5578125 0.6359375 0.040625 0.043750000000000004
0 0.45078125 0.6843750000000001 0.1953125 0.125
0 0.45078125 0.8812500000000001 0.0328125 0.043750000000000004
0 0.503125 0.85703125 0.025 0.026562500000000003
0 0.44375000000000003 0.821875 0.053125000000000006 0.040625
0 0.37578125 0.5203125000000001 0.0703125 0.065625
0 0.34375 0.3296875 0.215625 0.21250000000000002
0 0.56796875 0.39140625 0.0390625 0.0328125
0 0.55859375 0.26796875000000003 0.06406250000000001 0.051562500000000004
0 0.46640625 0.29765625 0.035937500000000004 0.029687500000000002
0 0.66796875 0.32109375 0.0890625 0.1453125
