0 0.69453125 0.153125 0.20468750000000002 0.27187500000000003
0 0.37734375000000003 0.051562500000000004 0.060937500000000006 0.037500000000000006
0 0.4421875 0.215625 0.053125000000000006 0.043750000000000004
0 0.46953125 0.2671875 0.0859375 0.043750000000000004
0 0.5789062500000001 0.321875 0.1171875 0.11875000000000001
0 0.503125 0.35859375000000004 0.037500000000000006 0.0421875
0 0.36484375 0.33906250000000004 0.21406250000000002 0.09375
0 0.29921875000000003 0.11328125 0.026562500000000003 0.045312500000000006
0 0.36796875 0.1234375 0.0234375 0.025
0 0.31093750000000003 0.18359375 0.05625 0.0328125
0 0.33203125 0.55078125 0.0703125 0.060937500000000006
0 0.35859375000000004 0.78046875 0.2078125 0.20468750000000002
0 0.5953125 0.6351562500000001 0.040625 0.029687500000000002
0 0.6257812500000001 0.7796875000000001 0.0671875 0.043750000000000004
0 0.51015625 0.7757812500000001 0.035937500000000004 0.026562500000000003
0 0.73359375 0.6828125 0.06406250000000001 0.1625
