1 0.40625 0.4734375 0.25 0.29375
1 0.5593750000000001 0.43515625 0.1 0.16718750000000002
1 0.32578125 0.23515625 0.35468750000000004 0.2703125
2 0.68125 0.1625 0.14375000000000002 0.146875
2 0.8109375000000001 0.296875 0.07500000000000001 0.096875
2 0.89453125 0.34375 0.0765625 0.08125
2 0.9031250000000001 0.23750000000000002 0.034375 0.03125
2 0.6781250000000001 0.5046875000000001 0.109375 0.084375
2 0.5632812500000001 0.5734375 0.1484375 0.171875
2 0.7765625 0.6843750000000001 0.10312500000000001 0.08125
