1 0.36562500000000003 0.43515625 0.278125 0.3328125
1 0.5484375 0.39921875 0.109375 0.1921875
1 0.284375 0.15156250000000002 0.403125 0.30000000000000004
2 0.70625 0.08515625 0.1625 0.16718750000000002
2 0.85078125 0.25 0.08281250000000001 0.109375
2 0.946875 0.31015625 0.08750000000000001 0.0921875
2 0.9625 0.18515625000000002 0.037500000000000006 0.035937500000000004
2 0.68359375 0.48750000000000004 0.1234375 0.09375
2 0.5453125 0.56171875 0.16562500000000002 0.1953125
2 0.7898437500000001 0.703125 0.1171875 0.09062500000000001
