0 0.43593750000000003 0.6796875 0.109375 0.08750000000000001
0 0.49296875 0.61328125 0.060937500000000006 0.0421875
0 0.70234375 0.65234375 0.0328125 0.029687500000000002
0 0.7835937500000001 0.60546875 0.0765625 0.1203125
0 0.86328125 0.5140625 0.051562500000000004 0.08750000000000001
0 0.7296875 0.40937500000000004 0.05625 0.0625
0 0.721875 0.36484375 0.06875 0.045312500000000006
0 0.7312500000000001 0.28359375000000003 0.03125 0.029687500000000002
0 0.7820312500000001 0.29140625000000003 0.029687500000000002 0.0328125
0 0.4375 0.34140625 0.36875 0.4421875
0 0.6468750000000001 0.7664062500000001 0.08125 0.09531250000000001
0 0.56953125 0.8234375 0.051562500000000004 0.040625
0 0.56015625 0.7859375000000001 0.0390625 0.034375
0 0.5085937500000001 0.7210937500000001 0.0328125 0.029687500000000002
0 0.41171875 0.74609375 0.029687500000000002 0.029687500000000002
0 0.5710937500000001 0.87109375 0.035937500000000004 0.035937500000000004
0 0.47265625 0.7390625000000001 0.026562500000000003 0.021875000000000002
0 0.46328125000000003 0.77265625 0.0203125 0.0203125
