0 0.6671875 0.21796875000000002 0.028125 0.026562500000000003
0 0.7203125 0.21406250000000002 0.025 0.028125
0 0.6820312500000001 0.30000000000000004 0.06406250000000001 0.037500000000000006
0 0.7171875000000001 0.33203125 0.084375 0.07968750000000001
0 0.8304687500000001 0.55234375 0.0234375 0.0328125
0 0.9515625000000001 0.4890625 0.037500000000000006 0.040625
0 0.80859375 0.496875 0.0171875 0.03125
0 0.8578125000000001 0.6570312500000001 0.046875 0.051562500000000004
0 0.8562500000000001 0.7132812500000001 0.028125 0.051562500000000004
0 0.5828125000000001 0.7078125000000001 0.06875 0.043750000000000004
0 0.56484375 0.7523437500000001 0.0546875 0.0421875
0 0.48515625 0.7515625 0.0484375 0.034375
0 0.48828125 0.71015625 0.029687500000000002 0.029687500000000002
0 0.48125 0.8078125 0.06875 0.046875
0 0.35781250000000003 0.6179687500000001 0.034375 0.029687500000000002
0 0.45703125 0.62421875 0.0328125 0.029687500000000002
0 0.415625 0.63046875 0.028125 0.026562500000000003
0 0.48046875 0.5140625 0.0578125 0.034375
0 0.40234375 0.5578125 0.1203125 0.053125000000000006
