2 0.7523437500000001 0.26875 0.1453125 0.153125
2 0.6375000000000001 0.29921875000000003 0.14375000000000002 0.1203125
2 0.4265625 0.49453125000000003 0.15625 0.1546875
2 0.3765625 0.41875 0.10625000000000001 0.09375
2 0.30078125 0.5984375000000001 0.13593750000000002 0.1375
2 0.45078125 0.57578125 0.060937500000000006 0.0703125
2 0.49296875 0.6875 0.21406250000000002 0.215625
1 0.47578125000000004 0.26015625000000003 0.3828125 0.40468750000000003
1 0.6273437500000001 0.55078125 0.3921875 0.4140625
2 0.31328125 0.390625 0.0390625 0.034375
2 0.22890625 0.64609375 0.0484375 0.051562500000000004
