0 0.22968750000000002 0.4390625 0.109375 0.09062500000000001
0 0.39140625 0.47734375 0.2109375 0.2078125
0 0.3875 0.34375 0.078125 0.07500000000000001
0 0.6328125 0.34375 0.0625 0.07187500000000001
0 0.6117187500000001 0.29296875 0.0390625 0.045312500000000006
0 0.640625 0.446875 0.028125 0.028125
0 0.63671875 0.5015625 0.026562500000000003 0.034375
0 0.76484375 0.46718750000000003 0.0671875 0.0625
0 0.8140625 0.35390625000000003 0.043750000000000004 0.0390625
0 0.60703125 0.753125 0.06406250000000001 0.05
0 0.6273437500000001 0.71796875 0.1015625 0.09843750000000001
0 0.62265625 0.83359375 0.029687500000000002 0.0328125
0 0.6726562500000001 0.8210937500000001 0.035937500000000004 0.0390625
