0 0.42734375 0.44843750000000004 0.4453125 0.49375
0 0.671875 0.54296875 0.07187500000000001 0.09843750000000001
0 0.7015625000000001 0.63203125 0.06875 0.0734375
0 0.7562500000000001 0.66796875 0.040625 0.0546875
0 0.8250000000000001 0.6171875 0.084375 0.09062500000000001
0 0.91171875 0.67890625 0.0421875 0.0421875
0 0.8015625000000001 0.753125 0.037500000000000006 0.037500000000000006
0 0.5671875000000001 0.7742187500000001 0.15937500000000002 0.1796875
0 0.6742187500000001 0.44609375 0.1171875 0.11406250000000001
0 0.6429687500000001 0.31328125 0.0546875 0.0703125
0 0.82734375 0.3984375 0.11093750000000001 0.08125
