0 0.6390625000000001 0.51328125 0.478125 0.5140625
0 0.390625 0.4609375 0.08125 0.1
0 0.31953125000000004 0.5171875 0.0734375 0.078125
0 0.25703125 0.5171875 0.045312500000000006 0.05625
0 0.22734375 0.44062500000000004 0.0890625 0.09375
0 0.125 0.44453125000000004 0.043750000000000004 0.045312500000000006
0 0.17421875 0.5625 0.0390625 0.040625
0 0.35468750000000004 0.7039062500000001 0.171875 0.1859375
0 0.43984375000000003 0.38046875 0.1234375 0.1203125
0 0.53515625 0.28984375 0.060937500000000006 0.0703125
0 0.340625 0.2609375 0.1125 0.09062500000000001
