2 0.40390625 0.67109375 0.1046875 0.09531250000000001
2 0.56015625 0.6421875 0.1078125 0.12812500000000002
2 0.60859375 0.7093750000000001 0.060937500000000006 0.0625
2 0.41875 0.8296875 0.225 0.209375
2 0.71875 0.6078125000000001 0.20625000000000002 0.18125000000000002
2 0.86640625 0.67109375 0.08281250000000001 0.0546875
2 0.9476562500000001 0.60859375 0.060937500000000006 0.0671875
2 0.6015625 0.44843750000000004 0.065625 0.08750000000000001
1 0.503125 0.38203125000000004 0.30625 0.35468750000000004
1 0.2703125 0.5578125 0.40625 0.309375
