0 0.41718750000000004 0.509375 0.09062500000000001 0.1125
0 0.54609375 0.47500000000000003 0.1015625 0.09375
0 0.6257812500000001 0.4609375 0.0390625 0.037500000000000006
0 0.546875 0.55703125 0.05 0.0484375
0 0.7117187500000001 0.62265625 0.045312500000000006 0.051562500000000004
0 0.33359375 0.5828125000000001 0.045312500000000006 0.059375000000000004
0 0.37265625 0.5625 0.0734375 0.09062500000000001
0 0.240625 0.48125 0.046875 0.053125000000000006
0 0.171875 0.58515625 0.040625 0.051562500000000004
0 0.38906250000000003 0.6765625000000001 0.037500000000000006 0.043750000000000004
0 0.115625 0.45078125 0.037500000000000006 0.0546875
0 0.19921875 0.4453125 0.029687500000000002 0.03125
