0 0.415625 0.1546875 0.259375 0.25
0 0.31484375000000003 0.296875 0.035937500000000004 0.025
0 0.2625 0.21953125 0.034375 0.0234375
0 0.5796875 0.2703125 0.03125 0.043750000000000004
0 0.465625 0.36250000000000004 0.025 0.034375
0 0.56796875 0.36015625 0.1046875 0.1078125
0 0.5554687500000001 0.52109375 0.1078125 0.0921875
0 0.07968750000000001 0.5867187500000001 0.025 0.06406250000000001
0 0.10312500000000001 0.76875 0.021875000000000002 0.059375000000000004
0 0.21015625000000002 0.6507812500000001 0.0390625 0.060937500000000006
0 0.19375 0.71796875 0.025 0.0328125
0 0.2421875 0.48671875000000003 0.03125 0.0578125
0 0.296875 0.48828125 0.06875 0.1046875
0 0.28671875 0.70625 0.0703125 0.084375
0 0.40234375 0.7546875000000001 0.060937500000000006 0.096875
0 0.44375000000000003 0.9007812500000001 0.171875 0.17343750000000002
0 0.58125 0.71015625 0.0625 0.1484375
0 0.5359375000000001 0.6171875 0.034375 0.0625
