0 0.26875 0.7742187500000001 0.059375000000000004 0.0234375
0 0.23515625 0.6531250000000001 0.045312500000000006 0.034375
0 0.37421875000000004 0.65390625 0.051562500000000004 0.0328125
0 0.3796875 0.6078125000000001 0.08750000000000001 0.0625
0 0.17890625000000002 0.65625 0.029687500000000002 0.025
0 0.3296875 0.3640625 0.05625 0.07187500000000001
0 0.42421875000000003 0.31562500000000004 0.0484375 0.07500000000000001
0 0.5765625 0.33984375 0.05 0.1203125
0 0.43281250000000004 0.23671875 0.059375000000000004 0.0546875
0 0.45078125 0.1796875 0.15781250000000002 0.125
0 0.56796875 0.50390625 0.1046875 0.0890625
0 0.5078125 0.625 0.037500000000000006 0.053125000000000006
0 0.5890625 0.63203125 0.08750000000000001 0.0890625
0 0.6015625 0.70625 0.03125 0.037500000000000006
