0 0.8031250000000001 0.5203125000000001 0.1125 0.1125
0 0.721875 0.4734375 0.05 0.046875
0 0.6890625 0.60703125 0.096875 0.0921875
0 0.61640625 0.52109375 0.0734375 0.08281250000000001
0 0.49921875000000004 0.55234375 0.1296875 0.11093750000000001
0 0.42031250000000003 0.45 0.1125 0.115625
0 0.49453125000000003 0.42578125 0.0484375 0.0546875
0 0.38046875 0.3875 0.035937500000000004 0.037500000000000006
0 0.6109375 0.3953125 0.084375 0.078125
0 0.603125 0.35000000000000003 0.05 0.046875
0 0.728125 0.29609375 0.05 0.0421875
0 0.65625 0.19843750000000002 0.0625 0.046875
0 0.78046875 0.26875 0.0328125 0.034375
