0 0.7484375000000001 0.35859375000000004 0.09375 0.09531250000000001
0 0.7109375 0.44375000000000003 0.043750000000000004 0.037500000000000006
0 0.60546875 0.35625 0.08281250000000001 0.07500000000000001
0 0.59921875 0.46796875000000004 0.0546875 0.0765625
0 0.4859375 0.51328125 0.11875000000000001 0.08281250000000001
0 0.484375 0.6414062500000001 0.09375 0.09843750000000001
0 0.5578125 0.6171875 0.037500000000000006 0.05
0 0.48984375 0.7156250000000001 0.029687500000000002 0.034375
0 0.66953125 0.571875 0.0734375 0.0625
0 0.6890625 0.6125 0.043750000000000004 0.037500000000000006
0 0.821875 0.5828125000000001 0.046875 0.03125
0 0.821875 0.703125 0.0625 0.028125
0 0.8796875000000001 0.5734375 0.028125 0.028125
