0 0.72421875 0.24921875000000002 0.051562500000000004 0.045312500000000006
0 0.66328125 0.18984375 0.0484375 0.035937500000000004
0 0.60546875 0.27734375 0.0921875 0.0734375
0 0.5437500000000001 0.26406250000000003 0.09375 0.10625000000000001
0 0.48203125 0.309375 0.029687500000000002 0.037500000000000006
0 0.56015625 0.41718750000000004 0.0390625 0.05625
0 0.48046875 0.38671875 0.1015625 0.1046875
0 0.48281250000000003 0.5320312500000001 0.134375 0.0890625
0 0.6078125000000001 0.58359375 0.0625 0.07968750000000001
0 0.6140625000000001 0.71015625 0.096875 0.0859375
0 0.76484375 0.70703125 0.11093750000000001 0.11093750000000001
0 0.728125 0.609375 0.05 0.037500000000000006
0 0.8546875 0.45625000000000004 0.05625 0.037500000000000006
0 0.8523437500000001 0.32578125 0.0671875 0.035937500000000004
0 0.9148437500000001 0.46953125 0.035937500000000004 0.026562500000000003
0 0.7140625 0.42500000000000004 0.059375000000000004 0.037500000000000006
0 0.6882812500000001 0.46796875000000004 0.0921875 0.0765625
