1 0.24765625000000002 0.47265625 0.38593750000000004 0.38593750000000004
2 0.4890625 0.753125 0.209375 0.246875
2 0.67578125 0.58125 0.1015625 0.078125
2 0.8109375000000001 0.534375 0.125 0.09375
2 0.675 0.45390625 0.1 0.16718750000000002
2 0.7445312500000001 0.3953125 0.11093750000000001 0.146875
2 0.8328125000000001 0.37812500000000004 0.078125 0.08125
2 0.51953125 0.49296875 0.0703125 0.09843750000000001
2 0.56875 0.40234375 0.146875 0.1265625
2 0.5640625 0.23984375000000002 0.15625 0.1265625
