0 0.7703125000000001 0.5140625 0.040625 0.0625
0 0.8046875 0.359375 0.037500000000000006 0.05
0 0.6843750000000001 0.42031250000000003 0.040625 0.046875
0 0.7203125 0.37265625 0.028125 0.029687500000000002
0 0.6062500000000001 0.5390625 0.037500000000000006 0.046875
0 0.5640625 0.52265625 0.06875 0.0890625
0 0.56875 0.6351562500000001 0.037500000000000006 0.051562500000000004
0 0.41250000000000003 0.5953125 0.040625 0.05625
0 0.34765625 0.56015625 0.1015625 0.0921875
0 0.284375 0.60703125 0.037500000000000006 0.0421875
0 0.43515625 0.45937500000000003 0.0859375 0.10625000000000001
0 0.5171875 0.76875 0.096875 0.06875
0 0.45546875000000003 0.7562500000000001 0.09843750000000001 0.109375
0 0.6078125000000001 0.828125 0.046875 0.040625
0 0.53359375 0.86328125 0.045312500000000006 0.0390625
