0 0.57734375 0.703125 0.0546875 0.059375000000000004
0 0.33828125000000003 0.659375 0.0421875 0.059375000000000004
0 0.21328125 0.5750000000000001 0.0328125 0.06875
0 0.21406250000000002 0.7546875000000001 0.025 0.059375000000000004
0 0.30703125000000003 0.72265625 0.029687500000000002 0.0328125
0 0.3953125 0.5 0.037500000000000006 0.046875
0 0.45234375000000004 0.50234375 0.06406250000000001 0.0765625
0 0.42031250000000003 0.38046875 0.034375 0.045312500000000006
0 0.32656250000000003 0.16875 0.046875 0.037500000000000006
0 0.40390625 0.11015625000000001 0.045312500000000006 0.0328125
0 0.44765625000000003 0.2171875 0.1015625 0.0625
0 0.5203125000000001 0.2109375 0.09062500000000001 0.11875000000000001
0 0.609375 0.38671875 0.028125 0.0703125
0 0.6937500000000001 0.41328125000000004 0.10312500000000001 0.09531250000000001
0 0.7523437500000001 0.3453125 0.0328125 0.043750000000000004
