2 0.61875 0.7375 0.07187500000000001 0.053125000000000006
2 0.534375 0.6257812500000001 0.09375 0.0921875
2 0.42265625 0.58046875 0.1390625 0.1390625
2 0.44843750000000004 0.6585937500000001 0.028125 0.0234375
2 0.4453125 0.7625000000000001 0.07500000000000001 0.08125
2 0.32890625 0.77109375 0.1078125 0.17343750000000002
2 0.40703125 0.6921875000000001 0.0765625 0.09375
2 0.37812500000000004 0.76484375 0.046875 0.0390625
2 0.290625 0.58125 0.10625000000000001 0.11875000000000001
2 0.3953125 0.49296875 0.046875 0.0484375
2 0.4921875 0.5 0.146875 0.10312500000000001
2 0.58125 0.43203125000000003 0.07187500000000001 0.0546875
2 0.6640625 0.49609375 0.07187500000000001 0.0578125
1 0.35859375000000004 0.33359375 0.42031250000000003 0.44843750000000004
