2 0.3984375 0.3359375 0.07187500000000001 0.059375000000000004
2 0.49609375 0.42812500000000003 0.09843750000000001 0.096875
2 0.60859375 0.45234375000000004 0.1453125 0.1453125
2 0.5710937500000001 0.38359375 0.029687500000000002 0.026562500000000003
2 0.55703125 0.284375 0.07968750000000001 0.084375
2 0.665625 0.25859375 0.125 0.1703125
2 0.6039062500000001 0.34453125 0.08281250000000001 0.09531250000000001
2 0.6203125 0.27109375 0.046875 0.0421875
2 0.7312500000000001 0.43046875 0.1125 0.1203125
2 0.6468750000000001 0.5296875 0.05 0.05
2 0.5546875 0.5390625 0.146875 0.115625
2 0.48203125 0.6179687500000001 0.0703125 0.060937500000000006
2 0.39375000000000004 0.5703125 0.07187500000000001 0.0625
1 0.70625 0.6742187500000001 0.44375000000000003 0.46406250000000004
