0 0.521875 0.49531250000000004 0.0625 0.040625
0 0.5125000000000001 0.5578125 0.028125 0.025
0 0.5398437500000001 0.6179687500000001 0.0921875 0.060937500000000006
0 0.534375 0.73828125 0.025 0.029687500000000002
0 0.6257812500000001 0.59140625 0.029687500000000002 0.0328125
0 0.72265625 0.32578125 0.0421875 0.051562500000000004
0 0.31015625 0.56484375 0.3453125 0.2671875
0 0.5281250000000001 0.31796875 0.05625 0.051562500000000004
0 0.603125 0.2609375 0.07187500000000001 0.07187500000000001
0 0.40859375000000003 0.23671875 0.026562500000000003 0.0328125
0 0.49843750000000003 0.2171875 0.1125 0.153125
0 0.39296875000000003 0.153125 0.0578125 0.065625
0 0.44921875 0.13046875 0.045312500000000006 0.026562500000000003
