1 0.37421875000000004 0.76953125 0.33906250000000004 0.3484375
2 0.51484375 0.22890625 0.045312500000000006 0.0546875
2 0.5421875 0.4609375 0.05 0.040625
2 0.60078125 0.24453125 0.051562500000000004 0.0734375
2 0.5453125 0.5476562500000001 0.096875 0.09843750000000001
2 0.5953125 0.6015625 0.1 0.146875
2 0.65390625 0.7429687500000001 0.2984375 0.21406250000000002
2 0.35859375000000004 0.46328125000000003 0.18281250000000002 0.1921875
2 0.4578125 0.46015625000000004 0.037500000000000006 0.0578125
2 0.31093750000000003 0.584375 0.35625 0.20625000000000002
