1 0.5007812500000001 0.22187500000000002 0.3984375 0.40625
2 0.7046875 0.76953125 0.05625 0.060937500000000006
2 0.54296875 0.5867187500000001 0.0578125 0.051562500000000004
2 0.6234375000000001 0.8078125 0.065625 0.08125
2 0.48828125 0.51484375 0.11406250000000001 0.11406250000000001
2 0.4140625 0.49843750000000003 0.12812500000000002 0.15937500000000002
2 0.278125 0.41250000000000003 0.328125 0.27187500000000003
2 0.6984375 0.47578125000000004 0.215625 0.2234375
2 0.6156250000000001 0.5375 0.046875 0.0625
2 0.6671875 0.34296875000000004 0.38125000000000003 0.27968750000000003
