1 0.5921875 0.5632812500000001 0.321875 0.35468750000000004
2 0.37890625 0.70859375 0.1609375 0.1265625
2 0.66171875 0.609375 0.06406250000000001 0.059375000000000004
2 0.5867187500000001 0.53828125 0.045312500000000006 0.08281250000000001
2 0.7429687500000001 0.53515625 0.06406250000000001 0.060937500000000006
2 0.7984375 0.625 0.037500000000000006 0.034375
2 0.421875 0.29531250000000003 0.046875 0.05
2 0.4265625 0.40625 0.23750000000000002 0.16562500000000002
2 0.5593750000000001 0.34296875000000004 0.15937500000000002 0.1640625
2 0.44453125000000004 0.5398437500000001 0.0421875 0.0546875
