1 0.478125 0.5867187500000001 0.28125 0.3203125
2 0.72578125 0.6265625 0.1484375 0.10625000000000001
2 0.43515625 0.65546875 0.0578125 0.051562500000000004
2 0.47187500000000004 0.5632812500000001 0.034375 0.07968750000000001
2 0.33437500000000003 0.62421875 0.05625 0.0546875
2 0.321875 0.72578125 0.034375 0.029687500000000002
2 0.51796875 0.28125 0.0421875 0.043750000000000004
2 0.5593750000000001 0.38046875 0.22187500000000002 0.13593750000000002
2 0.41640625000000003 0.3796875 0.1390625 0.146875
2 0.5984375000000001 0.50625 0.037500000000000006 0.05
