1 0.565625 0.43046875 0.296875 0.35468750000000004
2 0.27187500000000003 0.33671875 0.16875 0.1078125
2 0.63046875 0.35390625000000003 0.06406250000000001 0.0546875
2 0.56875 0.46015625000000004 0.028125 0.09531250000000001
2 0.74765625 0.4109375 0.060937500000000006 0.059375000000000004
2 0.78125 0.2890625 0.037500000000000006 0.03125
2 0.46171875 0.79453125 0.045312500000000006 0.0484375
2 0.4296875 0.6664062500000001 0.25625000000000003 0.1296875
2 0.603125 0.6937500000000001 0.15000000000000002 0.15937500000000002
2 0.40468750000000003 0.50625 0.037500000000000006 0.05625
