0 0.6414062500000001 0.49531250000000004 0.1046875 0.1
0 0.540625 0.49296875 0.034375 0.029687500000000002
0 0.5171875 0.5476562500000001 0.059375000000000004 0.045312500000000006
0 0.53828125 0.43046875 0.0921875 0.060937500000000006
0 0.56796875 0.31953125000000004 0.0328125 0.029687500000000002
0 0.44765625000000003 0.43281250000000004 0.029687500000000002 0.03125
0 0.7078125000000001 0.6734375 0.340625 0.21875
0 0.4109375 0.6921875000000001 0.05 0.05625
0 0.31796875 0.68515625 0.0765625 0.060937500000000006
0 0.36484375 0.7820312500000001 0.1078125 0.1421875
0 0.44921875 0.8226562500000001 0.026562500000000003 0.0328125
0 0.4140625 0.88828125 0.053125000000000006 0.0546875
0 0.35390625000000003 0.8773437500000001 0.0390625 0.035937500000000004
0 0.22421875000000002 0.6156250000000001 0.0203125 0.021875000000000002
0 0.12578125 0.6234375000000001 0.0328125 0.025
0 0.353125 0.60078125 0.18125000000000002 0.1078125
0 0.3765625 0.55234375 0.028125 0.0234375
0 0.37578125 0.49921875000000004 0.026562500000000003 0.0203125
0 0.26484375 0.5296875 0.0234375 0.018750000000000003
