0 0.57421875 0.6375000000000001 0.0703125 0.096875
0 0.6000000000000001 0.53125 0.06875 0.065625
0 0.703125 0.59375 0.15625 0.171875
0 0.7914062500000001 0.6312500000000001 0.0484375 0.034375
0 0.815625 0.57578125 0.078125 0.07968750000000001
0 0.75390625 0.5171875 0.026562500000000003 0.028125
0 0.6515625 0.34140625 0.225 0.1609375
0 0.7523437500000001 0.26015625000000003 0.026562500000000003 0.026562500000000003
0 0.8453125 0.19453125000000002 0.043750000000000004 0.0328125
0 0.67890625 0.45703125 0.026562500000000003 0.026562500000000003
0 0.6468750000000001 0.41015625 0.03125 0.029687500000000002
0 0.76484375 0.36250000000000004 0.026562500000000003 0.021875000000000002
0 0.33437500000000003 0.33515625000000004 0.115625 0.1296875
0 0.4921875 0.20390625 0.29375 0.33906250000000004
