0 0.39687500000000003 0.37890625 0.203125 0.15156250000000002
0 0.38046875 0.47500000000000003 0.0234375 0.021875000000000002
0 0.30234375 0.30234375 0.0203125 0.0203125
0 0.21796875000000002 0.253125 0.0390625 0.028125
0 0.47265625 0.28828125 0.2328125 0.1921875
0 0.6218750000000001 0.27578125000000003 0.209375 0.2984375
0 0.53359375 0.66171875 0.1015625 0.11406250000000001
0 0.44765625000000003 0.63671875 0.0234375 0.0328125
0 0.49843750000000003 0.7351562500000001 0.040625 0.0390625
0 0.43671875000000004 0.7171875000000001 0.060937500000000006 0.07187500000000001
0 0.6312500000000001 0.5593750000000001 0.03125 0.034375
0 0.66953125 0.55859375 0.026562500000000003 0.029687500000000002
0 0.73203125 0.45625000000000004 0.06406250000000001 0.065625
0 0.8265625000000001 0.6000000000000001 0.065625 0.065625
