0 0.85546875 0.41796875 0.0703125 0.0703125
0 0.6820312500000001 0.46640625 0.0234375 0.026562500000000003
0 0.6492187500000001 0.49140625000000004 0.0328125 0.0328125
0 0.6820312500000001 0.33359375 0.0765625 0.0671875
0 0.52734375 0.603125 0.029687500000000002 0.037500000000000006
0 0.5796875 0.66171875 0.043750000000000004 0.0671875
0 0.5921875 0.6062500000000001 0.025 0.03125
0 0.4 0.75546875 0.021875000000000002 0.035937500000000004
0 0.603125 0.753125 0.053125000000000006 0.05625
0 0.515625 0.88046875 0.19687500000000002 0.2390625
0 0.34218750000000003 0.55859375 0.19687500000000002 0.1015625
0 0.34140625 0.3328125 0.26406250000000003 0.21875
