3 0.64375 0.5375 0.065625 0.07187500000000001
3 0.6976562500000001 0.5734375 0.0578125 0.05625
3 0.7203125 0.42421875000000003 0.184375 0.1328125
3 0.46796875000000004 0.5828125000000001 0.0703125 0.0625
3 0.37421875000000004 0.5398437500000001 0.0921875 0.0703125
3 0.41640625000000003 0.46171875 0.0765625 0.060937500000000006
3 0.5375 0.43125 0.0625 0.046875
3 0.47734375 0.43046875 0.0390625 0.035937500000000004
3 0.51875 0.82734375 0.06875 0.0578125
3 0.56015625 0.6976562500000001 0.07968750000000001 0.06406250000000001
