0 0.81953125 0.36484375 0.0734375 0.0734375
0 0.6640625 0.44140625 0.025 0.026562500000000003
0 0.6375000000000001 0.47109375000000003 0.034375 0.035937500000000004
0 0.640625 0.31484375000000003 0.078125 0.0734375
0 0.54140625 0.59765625 0.0328125 0.0390625
0 0.60078125 0.64375 0.051562500000000004 0.065625
0 0.6039062500000001 0.58984375 0.026562500000000003 0.029687500000000002
0 0.446875 0.765625 0.025 0.034375
0 0.6390625000000001 0.7273437500000001 0.05625 0.0578125
0 0.5796875 0.86328125 0.215625 0.2421875
0 0.35781250000000003 0.58828125 0.1875 0.1265625
0 0.3171875 0.37421875000000004 0.26875 0.2390625
