3 0.59296875 0.7757812500000001 0.0765625 0.060937500000000006
3 0.53125 0.6828125 0.07500000000000001 0.0625
3 0.3921875 0.60078125 0.046875 0.051562500000000004
3 0.42734375 0.5593750000000001 0.0578125 0.0625
3 0.3328125 0.4765625 0.171875 0.15000000000000002
3 0.65234375 0.50234375 0.06406250000000001 0.0546875
3 0.5867187500000001 0.5625 0.0578125 0.046875
3 0.59921875 0.45156250000000003 0.060937500000000006 0.05625
3 0.5453125 0.43515625 0.040625 0.0421875
3 0.49296875 0.44921875 0.06406250000000001 0.060937500000000006
3 0.85546875 0.71640625 0.2015625 0.2390625
3 0.7273437500000001 0.4890625 0.1546875 0.171875
