3 0.40937500000000004 0.7953125000000001 0.084375 0.065625
3 0.41796875 0.6703125000000001 0.08281250000000001 0.065625
3 0.35234375 0.5007812500000001 0.051562500000000004 0.0546875
3 0.41250000000000003 0.48828125 0.0625 0.0671875
3 0.38671875 0.3484375 0.18906250000000002 0.15937500000000002
3 0.65234375 0.5953125 0.0703125 0.059375000000000004
3 0.5515625000000001 0.6023437500000001 0.0625 0.0484375
3 0.63984375 0.5125000000000001 0.06406250000000001 0.059375000000000004
3 0.603125 0.46171875 0.043750000000000004 0.045312500000000006
3 0.5476562500000001 0.4375 0.0703125 0.065625
3 0.68125 0.8968750000000001 0.21250000000000002 0.20625000000000002
3 0.7265625 0.6359375 0.16562500000000002 0.1875
