0 0.4859375 0.6335937500000001 0.05 0.0671875
0 0.50625 0.7046875 0.040625 0.053125000000000006
0 0.47500000000000003 0.75 0.028125 0.034375
0 0.4078125 0.74140625 0.05 0.0546875
0 0.6859375000000001 0.74140625 0.11875000000000001 0.1453125
0 0.690625 0.5359375000000001 0.184375 0.046875
0 0.6218750000000001 0.39609375 0.040625 0.0484375
0 0.6703125000000001 0.3203125 0.037500000000000006 0.040625
0 0.62109375 0.46640625 0.026562500000000003 0.026562500000000003
0 0.5750000000000001 0.42265625 0.021875000000000002 0.0203125
0 0.8046875 0.28828125 0.19062500000000002 0.21406250000000002
0 0.3640625 0.53046875 0.021875000000000002 0.0203125
0 0.40234375 0.5203125000000001 0.0234375 0.021875000000000002
0 0.3375 0.6484375 0.05 0.043750000000000004
0 0.19843750000000002 0.5359375000000001 0.05625 0.053125000000000006
