3 0.41250000000000003 0.34296875000000004 0.05 0.0390625
3 0.47500000000000003 0.38515625000000003 0.05625 0.0765625
3 0.6843750000000001 0.42812500000000003 0.21875 0.203125
3 0.859375 0.55859375 0.07500000000000001 0.0703125
3 0.7984375 0.67578125 0.07187500000000001 0.0546875
3 0.3203125 0.48046875 0.09375 0.09531250000000001
3 0.36796875 0.5945312500000001 0.2078125 0.1265625
3 0.46484375 0.6648437500000001 0.08281250000000001 0.0765625
3 0.60859375 0.6039062500000001 0.1421875 0.09843750000000001
3 0.56875 0.6890625 0.10312500000000001 0.08125
3 0.6117187500000001 0.85078125 0.2328125 0.24531250000000002
