0 0.41640625000000003 0.4734375 0.2515625 0.19375
0 0.51328125 0.31093750000000003 0.1796875 0.140625
0 0.5890625 0.39921875 0.084375 0.0703125
0 0.6570312500000001 0.42500000000000004 0.06406250000000001 0.05625
0 0.7039062500000001 0.39765625000000004 0.045312500000000006 0.0421875
0 0.6984375 0.328125 0.07187500000000001 0.07500000000000001
0 0.7765625 0.296875 0.028125 0.028125
0 0.5078125 0.6687500000000001 0.05625 0.0625
0 0.55 0.6156250000000001 0.03125 0.037500000000000006
0 0.503125 0.759375 0.053125000000000006 0.05
0 0.58046875 0.87421875 0.22031250000000002 0.2484375
0 0.6875 0.728125 0.025 0.03125
