3 0.49921875000000004 0.7250000000000001 0.0546875 0.046875
3 0.5375 0.6625000000000001 0.07187500000000001 0.084375
3 0.70234375 0.5390625 0.2484375 0.23750000000000002
3 0.8031250000000001 0.35234375 0.084375 0.08281250000000001
3 0.70078125 0.275 0.07968750000000001 0.06875
3 0.36250000000000004 0.6421875 0.109375 0.109375
3 0.35781250000000003 0.5242187500000001 0.21875 0.16718750000000002
3 0.41328125000000004 0.421875 0.0921875 0.09062500000000001
3 0.56484375 0.41640625000000003 0.15156250000000002 0.1234375
3 0.49453125000000003 0.35781250000000003 0.11406250000000001 0.1
3 0.46640625 0.19921875 0.2703125 0.27968750000000003
