0 0.35703125 0.4921875 0.2734375 0.146875
0 0.39375000000000004 0.26328125 0.19375 0.1078125
0 0.5203125000000001 0.3296875 0.08750000000000001 0.059375000000000004
0 0.609375 0.328125 0.065625 0.05
0 0.65 0.27578125000000003 0.043750000000000004 0.0390625
0 0.6125 0.19921875 0.06875 0.0703125
0 0.6875 0.12812500000000002 0.025 0.028125
0 0.54921875 0.6734375 0.0484375 0.0625
0 0.57265625 0.59375 0.026562500000000003 0.037500000000000006
0 0.58515625 0.77890625 0.051562500000000004 0.045312500000000006
0 0.72421875 0.87421875 0.1921875 0.2515625
0 0.78046875 0.66015625 0.0203125 0.0328125
