3 0.7234375000000001 0.35078125000000004 0.059375000000000004 0.0328125
3 0.38046875 0.21250000000000002 0.060937500000000006 0.037500000000000006
3 0.55859375 0.2484375 0.09531250000000001 0.046875
3 0.13671875 0.24453125 0.2109375 0.23593750000000002
3 0.20859375000000002 0.38203125000000004 0.0484375 0.0671875
3 0.15703125 0.50390625 0.2921875 0.2265625
3 0.32890625 0.6546875000000001 0.15781250000000002 0.11875000000000001
3 0.759375 0.50625 0.115625 0.084375
3 0.6117187500000001 0.51328125 0.08281250000000001 0.0484375
3 0.41015625 0.05390625 0.0921875 0.0671875
