3 0.17109375000000002 0.41328125000000004 0.08281250000000001 0.0765625
3 0.3671875 0.41640625000000003 0.053125000000000006 0.0546875
3 0.3921875 0.37812500000000004 0.05 0.053125000000000006
3 0.484375 0.37109375 0.065625 0.08281250000000001
3 0.609375 0.446875 0.146875 0.13125
3 0.6039062500000001 0.35781250000000003 0.1078125 0.109375
3 0.35546875 0.64609375 0.08281250000000001 0.0671875
3 0.41250000000000003 0.66796875 0.0625 0.0578125
3 0.47187500000000004 0.6296875000000001 0.096875 0.1125
3 0.259375 0.66328125 0.084375 0.0859375
3 0.29296875 0.521875 0.07968750000000001 0.08125
