3 0.72578125 0.625 0.1421875 0.1375
3 0.55703125 0.665625 0.1234375 0.115625
3 0.64375 0.51171875 0.043750000000000004 0.06406250000000001
3 0.47421875 0.51796875 0.0765625 0.060937500000000006
3 0.43515625 0.43593750000000003 0.0546875 0.05
3 0.5593750000000001 0.2828125 0.046875 0.037500000000000006
3 0.5171875 0.328125 0.037500000000000006 0.043750000000000004
3 0.465625 0.29765625 0.059375000000000004 0.0765625
3 0.63984375 0.3796875 0.060937500000000006 0.07500000000000001
3 0.6585937500000001 0.4421875 0.09531250000000001 0.09062500000000001
3 0.5945312500000001 0.54921875 0.060937500000000006 0.0484375
