3 0.3015625 0.49062500000000003 0.05625 0.046875
3 0.509375 0.26406250000000003 0.059375000000000004 0.05
3 0.38906250000000003 0.35468750000000004 0.08750000000000001 0.06875
3 0.7039062500000001 0.2015625 0.2421875 0.253125
3 0.69921875 0.33046875000000003 0.060937500000000006 0.0671875
3 0.78125 0.403125 0.30000000000000004 0.275
3 0.7054687500000001 0.57734375 0.1609375 0.1453125
3 0.33046875000000003 0.6195312500000001 0.1171875 0.1046875
3 0.44375000000000003 0.571875 0.078125 0.065625
3 0.43046875 0.15625 0.0921875 0.084375
