0 0.7679687500000001 0.696875 0.0546875 0.05625
0 0.7523437500000001 0.8296875 0.045312500000000006 0.059375000000000004
0 0.7578125 0.75703125 0.03125 0.035937500000000004
0 0.57578125 0.6882812500000001 0.06406250000000001 0.0703125
0 0.4546875 0.5578125 0.0625 0.07187500000000001
0 0.6687500000000001 0.4375 0.040625 0.043750000000000004
0 0.5875 0.3375 0.040625 0.043750000000000004
0 0.5796875 0.5007812500000001 0.025 0.026562500000000003
0 0.6882812500000001 0.31015625 0.029687500000000002 0.0328125
0 0.64453125 0.20078125000000002 0.029687500000000002 0.035937500000000004
0 0.728125 0.625 0.028125 0.028125
0 0.23671875 0.5609375 0.0234375 0.028125
