3 0.49609375 0.5015625 0.0734375 0.046875
3 0.5375 0.5710937500000001 0.05625 0.045312500000000006
3 0.37421875000000004 0.6687500000000001 0.0671875 0.0625
3 0.35390625000000003 0.54296875 0.1484375 0.0890625
3 0.3828125 0.3515625 0.10312500000000001 0.08750000000000001
3 0.57265625 0.328125 0.0765625 0.08750000000000001
3 0.634375 0.328125 0.065625 0.10625000000000001
3 0.7445312500000001 0.32343750000000004 0.09531250000000001 0.146875
3 0.87421875 0.4546875 0.051562500000000004 0.05
3 0.83203125 0.509375 0.0390625 0.040625
3 0.80859375 0.403125 0.06406250000000001 0.065625
