3 0.7078125000000001 0.44375000000000003 0.115625 0.134375
3 0.34296875000000004 0.6570312500000001 0.045312500000000006 0.06406250000000001
3 0.2546875 0.51328125 0.10625000000000001 0.1328125
3 0.40234375 0.521875 0.09843750000000001 0.06875
3 0.5828125000000001 0.43046875 0.043750000000000004 0.045312500000000006
3 0.35703125 0.41171875 0.1046875 0.0546875
3 0.34296875000000004 0.3359375 0.1265625 0.08750000000000001
3 0.43046875 0.30625 0.0484375 0.05
3 0.5359375000000001 0.31562500000000004 0.203125 0.21875
3 0.6898437500000001 0.54296875 0.060937500000000006 0.045312500000000006
3 0.61484375 0.6507812500000001 0.11406250000000001 0.1171875
