3 0.70625 0.59609375 0.115625 0.1328125
3 0.34296875000000004 0.3953125 0.045312500000000006 0.0625
3 0.2609375 0.53828125 0.10625000000000001 0.1328125
3 0.40468750000000003 0.5265625 0.096875 0.06875
3 0.58359375 0.6117187500000001 0.0421875 0.045312500000000006
3 0.36250000000000004 0.6351562500000001 0.10312500000000001 0.0578125
3 0.3515625 0.7093750000000001 0.125 0.08750000000000001
3 0.43671875000000004 0.7367187500000001 0.0484375 0.0484375
3 0.540625 0.72578125 0.203125 0.2171875
3 0.6859375000000001 0.49921875000000004 0.059375000000000004 0.045312500000000006
3 0.6101562500000001 0.39453125 0.11406250000000001 0.1171875
