3 0.43125 0.6804687500000001 0.09375 0.0890625
3 0.5796875 0.8125 0.084375 0.096875
3 0.6765625000000001 0.7406250000000001 0.084375 0.059375000000000004
3 0.55078125 0.71875 0.026562500000000003 0.037500000000000006
3 0.18281250000000002 0.58203125 0.17500000000000002 0.1015625
3 0.234375 0.3453125 0.07500000000000001 0.07500000000000001
3 0.3453125 0.37031250000000004 0.13125 0.078125
3 0.46484375 0.2921875 0.0546875 0.05625
3 0.6984375 0.31328125 0.28125 0.16718750000000002
3 0.603125 0.56875 0.134375 0.1
3 0.7195312500000001 0.42109375000000004 0.2328125 0.15781250000000002
3 0.7992187500000001 0.58828125 0.2828125 0.2234375
