0 0.6578125 0.309375 0.42500000000000004 0.296875
0 0.6156250000000001 0.45 0.040625 0.03125
0 0.54609375 0.53359375 0.0734375 0.0671875
0 0.60859375 0.5375 0.0390625 0.040625
0 0.64609375 0.6570312500000001 0.045312500000000006 0.051562500000000004
0 0.7992187500000001 0.61328125 0.029687500000000002 0.0546875
0 0.7765625 0.7421875 0.03125 0.034375
0 0.671875 0.70625 0.021875000000000002 0.028125
0 0.35390625000000003 0.58203125 0.08281250000000001 0.1328125
0 0.16718750000000002 0.69921875 0.059375000000000004 0.0546875
0 0.24921875000000002 0.73359375 0.09531250000000001 0.07968750000000001
0 0.21250000000000002 0.6375000000000001 0.021875000000000002 0.025
