3 0.1875 0.703125 0.06875 0.05
3 0.1609375 0.6023437500000001 0.109375 0.0734375
3 0.2921875 0.63203125 0.10625000000000001 0.060937500000000006
3 0.6820312500000001 0.63671875 0.045312500000000006 0.035937500000000004
3 0.521875 0.6296875000000001 0.053125000000000006 0.053125000000000006
3 0.61328125 0.5859375 0.0546875 0.05625
3 0.6414062500000001 0.5234375 0.0765625 0.065625
3 0.790625 0.46875 0.05 0.037500000000000006
3 0.7156250000000001 0.44296875 0.046875 0.060937500000000006
3 0.49296875 0.503125 0.1453125 0.253125
