0 0.18906250000000002 0.33515625000000004 0.053125000000000006 0.0703125
0 0.19375 0.41875 0.07187500000000001 0.09375
0 0.33906250000000004 0.45156250000000003 0.18125000000000002 0.078125
0 0.3953125 0.403125 0.025 0.021875000000000002
0 0.55 0.5328125 0.065625 0.065625
0 0.6062500000000001 0.5359375000000001 0.03125 0.040625
0 0.64453125 0.64453125 0.045312500000000006 0.051562500000000004
0 0.66953125 0.69140625 0.026562500000000003 0.035937500000000004
0 0.78828125 0.59765625 0.0328125 0.045312500000000006
0 0.60859375 0.45156250000000003 0.0390625 0.03125
0 0.7718750000000001 0.72265625 0.03125 0.0390625
0 0.7976562500000001 0.6781250000000001 0.0234375 0.025
0 0.2625 0.35078125000000004 0.018750000000000003 0.0234375
