0 0.27890625 0.8093750000000001 0.051562500000000004 0.06875
0 0.25390625 0.7312500000000001 0.0703125 0.09375
0 0.37734375000000003 0.6515625 0.1796875 0.07500000000000001
0 0.44609375 0.67578125 0.026562500000000003 0.0203125
0 0.54453125 0.50390625 0.06406250000000001 0.06406250000000001
0 0.5953125 0.48203125 0.03125 0.0390625
0 0.5945312500000001 0.36875 0.045312500000000006 0.05
0 0.60078125 0.31640625 0.026562500000000003 0.035937500000000004
0 0.7421875 0.36328125 0.03125 0.045312500000000006
0 0.6257812500000001 0.5593750000000001 0.0390625 0.03125
0 0.68515625 0.25234375000000003 0.029687500000000002 0.0390625
0 0.7234375000000001 0.28515625 0.021875000000000002 0.0234375
0 0.340625 0.7703125000000001 0.018750000000000003 0.021875000000000002
