0 0.22265625 0.29765625 0.0421875 0.060937500000000006
0 0.21250000000000002 0.35234375 0.034375 0.0484375
0 0.22031250000000002 0.39921875 0.059375000000000004 0.051562500000000004
0 0.35625 0.4296875 0.17500000000000002 0.059375000000000004
0 0.41640625000000003 0.38984375000000004 0.0203125 0.0203125
0 0.4140625 0.34375 0.021875000000000002 0.034375
0 0.35781250000000003 0.27421875 0.0125 0.0203125
0 0.2921875 0.32109375 0.015625 0.0234375
0 0.26875 0.38046875 0.015625 0.0171875
0 0.55234375 0.52890625 0.051562500000000004 0.0421875
0 0.6015625 0.5421875 0.03125 0.034375
0 0.6265625 0.65546875 0.040625 0.0421875
0 0.7703125000000001 0.62890625 0.021875000000000002 0.045312500000000006
0 0.73828125 0.75 0.026562500000000003 0.040625
0 0.64375 0.7054687500000001 0.021875000000000002 0.0234375
0 0.7679687500000001 0.70625 0.0234375 0.021875000000000002
0 0.61328125 0.4625 0.035937500000000004 0.03125
0 0.41328125000000004 0.5578125 0.13593750000000002 0.13125
0 0.278125 0.79453125 0.043750000000000004 0.029687500000000002
0 0.51875 0.6335937500000001 0.0125 0.0140625
