0 0.13828125 0.7976562500000001 0.0484375 0.0734375
0 0.1234375 0.73046875 0.040625 0.0578125
0 0.1296875 0.67109375 0.07187500000000001 0.060937500000000006
0 0.29765625 0.6257812500000001 0.21406250000000002 0.06406250000000001
0 0.375 0.671875 0.025 0.025
0 0.375 0.7289062500000001 0.025 0.0421875
0 0.30859375 0.81953125 0.0140625 0.0234375
0 0.22421875000000002 0.76484375 0.0171875 0.029687500000000002
0 0.19140625 0.6921875000000001 0.0203125 0.021875000000000002
0 0.5375 0.49062500000000003 0.0625 0.05
0 0.596875 0.47109375000000003 0.037500000000000006 0.0421875
0 0.62109375 0.328125 0.0484375 0.05
0 0.8031250000000001 0.353125 0.025 0.05625
0 0.7562500000000001 0.203125 0.03125 0.05
0 0.640625 0.26484375 0.025 0.029687500000000002
0 0.7953125000000001 0.25625000000000003 0.028125 0.025
0 0.6171875 0.5703125 0.043750000000000004 0.037500000000000006
0 0.3609375 0.4625 0.1625 0.15625
0 0.1796875 0.17500000000000002 0.053125000000000006 0.034375
0 0.4890625 0.36171875000000003 0.015625 0.0171875
