3 0.56171875 0.4859375 0.09531250000000001 0.1125
3 0.63984375 0.62421875 0.1453125 0.1859375
3 0.6023437500000001 0.32109375 0.0703125 0.07968750000000001
3 0.53515625 0.240625 0.060937500000000006 0.053125000000000006
3 0.30000000000000004 0.45625000000000004 0.046875 0.040625
3 0.4625 0.57421875 0.05 0.051562500000000004
3 0.31562500000000004 0.31093750000000003 0.115625 0.134375
3 0.22109375 0.31171875000000004 0.035937500000000004 0.035937500000000004
3 0.29453125 0.54609375 0.0671875 0.0578125
3 0.48046875 0.80625 0.2609375 0.3375
