0 0.7421875 0.7046875 0.053125000000000006 0.07500000000000001
0 0.74140625 0.5921875 0.060937500000000006 0.09375
0 0.7578125 0.6492187500000001 0.03125 0.0328125
0 0.66953125 0.6734375 0.0234375 0.025
0 0.6312500000000001 0.76875 0.021875000000000002 0.025
0 0.5875 0.71796875 0.021875000000000002 0.026562500000000003
0 0.5484375 0.6140625000000001 0.034375 0.021875000000000002
0 0.5632812500000001 0.55078125 0.035937500000000004 0.0546875
0 0.74140625 0.53359375 0.2609375 0.1765625
0 0.9046875000000001 0.43593750000000003 0.053125000000000006 0.059375000000000004
0 0.8546875 0.34296875000000004 0.025 0.029687500000000002
0 0.7515625 0.38906250000000003 0.03125 0.043750000000000004
0 0.70078125 0.38671875 0.029687500000000002 0.0421875
0 0.6687500000000001 0.33984375 0.06875 0.060937500000000006
0 0.54140625 0.41015625 0.0578125 0.045312500000000006
0 0.496875 0.36875 0.040625 0.046875
0 0.43125 0.45234375000000004 0.09375 0.06406250000000001
0 0.37890625 0.42109375000000004 0.035937500000000004 0.026562500000000003
0 0.36796875 0.37578125 0.0421875 0.0390625
0 0.43046875 0.34453125 0.0328125 0.026562500000000003
0 0.5242187500000001 0.25078125 0.1859375 0.20468750000000002
