0 0.7109375 0.284375 0.12187500000000001 0.115625
0 0.6453125000000001 0.31640625 0.046875 0.060937500000000006
0 0.6828125 0.36328125 0.043750000000000004 0.0734375
0 0.634375 0.38125000000000003 0.059375000000000004 0.05
0 0.59609375 0.36562500000000003 0.0328125 0.040625
0 0.6039062500000001 0.46796875000000004 0.0484375 0.045312500000000006
0 0.6609375000000001 0.43671875000000004 0.053125000000000006 0.0546875
0 0.74765625 0.50546875 0.051562500000000004 0.0328125
0 0.6312500000000001 0.64765625 0.06875 0.0390625
0 0.56640625 0.6484375 0.035937500000000004 0.034375
0 0.56875 0.7156250000000001 0.043750000000000004 0.034375
0 0.5296875 0.7265625 0.03125 0.025
0 0.48750000000000004 0.51484375 0.078125 0.060937500000000006
0 0.43671875000000004 0.39375000000000004 0.1015625 0.1375
0 0.5007812500000001 0.41484375 0.051562500000000004 0.0671875
0 0.5007812500000001 0.3515625 0.0390625 0.053125000000000006
