3 0.5554687500000001 0.5296875 0.0765625 0.059375000000000004
3 0.48828125 0.48750000000000004 0.060937500000000006 0.053125000000000006
3 0.5859375 0.33125000000000004 0.07500000000000001 0.07187500000000001
3 0.659375 0.43125 0.153125 0.115625
3 0.71875 0.609375 0.1125 0.10312500000000001
3 0.56484375 0.7132812500000001 0.0890625 0.09531250000000001
3 0.51171875 0.73984375 0.08281250000000001 0.11093750000000001
3 0.41875 0.79296875 0.11875000000000001 0.15156250000000002
3 0.2484375 0.7367187500000001 0.05625 0.0578125
3 0.2609375 0.6703125000000001 0.043750000000000004 0.043750000000000004
3 0.328125 0.7515625 0.07187500000000001 0.07187500000000001
