3 0.5609375 0.515625 0.08750000000000001 0.06875
3 0.48203125 0.5609375 0.0703125 0.0625
3 0.58984375 0.7445312500000001 0.0859375 0.08281250000000001
3 0.6765625000000001 0.6312500000000001 0.17500000000000002 0.134375
3 0.74921875 0.4296875 0.1296875 0.11875000000000001
3 0.5765625 0.30546875 0.10312500000000001 0.11093750000000001
3 0.5164062500000001 0.2734375 0.09843750000000001 0.12812500000000002
3 0.41171875 0.2109375 0.1390625 0.17500000000000002
3 0.21484375 0.2703125 0.0671875 0.065625
3 0.22812500000000002 0.34609375000000003 0.05 0.051562500000000004
3 0.30625 0.2546875 0.084375 0.084375
