0 0.353125 0.54453125 0.028125 0.0703125
0 0.47265625 0.5578125 0.1421875 0.19062500000000002
0 0.453125 0.6664062500000001 0.040625 0.035937500000000004
0 0.56484375 0.68515625 0.0546875 0.051562500000000004
0 0.48203125 0.4609375 0.1453125 0.109375
0 0.5906250000000001 0.32890625 0.1625 0.13593750000000002
0 0.3015625 0.32343750000000004 0.140625 0.13125
0 0.22968750000000002 0.5421875 0.1 0.1125
0 0.1265625 0.4765625 0.109375 0.09062500000000001
0 0.12890625 0.3828125 0.029687500000000002 0.03125
