0 0.8382812500000001 0.20859375000000002 0.060937500000000006 0.06406250000000001
0 0.7820312500000001 0.22734375 0.0484375 0.06406250000000001
0 0.7390625000000001 0.23984375000000002 0.053125000000000006 0.0390625
0 0.6828125 0.2765625 0.05625 0.046875
0 0.61640625 0.28828125 0.0765625 0.08281250000000001
0 0.65546875 0.22578125000000002 0.045312500000000006 0.0390625
0 0.33125000000000004 0.47265625 0.15625 0.1078125
0 0.6828125 0.4453125 0.03125 0.043750000000000004
0 0.59921875 0.52578125 0.0484375 0.035937500000000004
0 0.578125 0.63984375 0.084375 0.11093750000000001
0 0.521875 0.7601562500000001 0.1375 0.1609375
0 0.5242187500000001 0.87890625 0.0703125 0.09843750000000001
0 0.4375 0.7937500000000001 0.08125 0.08750000000000001
0 0.45234375000000004 0.7046875 0.0703125 0.06875
0 0.36796875 0.7125 0.3671875 0.41875
