0 0.6015625 0.61875 0.05 0.05
0 0.44609375 0.7132812500000001 0.2828125 0.32343750000000004
0 0.6414062500000001 0.47890625000000003 0.0203125 0.026562500000000003
0 0.3484375 0.50390625 0.15937500000000002 0.09531250000000001
0 0.215625 0.49296875 0.09062500000000001 0.0703125
0 0.16796875 0.43359375 0.0328125 0.029687500000000002
0 0.25703125 0.3875 0.0765625 0.05625
0 0.33515625000000004 0.41796875 0.0328125 0.029687500000000002
0 0.65 0.22421875000000002 0.084375 0.1015625
0 0.7921875 0.16562500000000002 0.037500000000000006 0.040625
