0 0.5796875 0.6390625000000001 0.028125 0.043750000000000004
0 0.6640625 0.67578125 0.15000000000000002 0.2734375
0 0.6843750000000001 0.8421875000000001 0.05 0.05625
0 0.65 0.87421875 0.025 0.026562500000000003
0 0.5375 0.83359375 0.0625 0.18281250000000002
0 0.57265625 0.7203125 0.029687500000000002 0.028125
0 0.7203125 0.8656250000000001 0.021875000000000002 0.018750000000000003
0 0.46328125000000003 0.65546875 0.17343750000000002 0.09843750000000001
0 0.41875 0.5890625 0.053125000000000006 0.059375000000000004
0 0.35859375000000004 0.565625 0.0390625 0.034375
0 0.51484375 0.5640625 0.07968750000000001 0.10625000000000001
0 0.30781250000000004 0.46875 0.07500000000000001 0.07500000000000001
0 0.2421875 0.47421875 0.043750000000000004 0.0421875
0 0.17734375000000002 0.48750000000000004 0.0328125 0.028125
0 0.25078125 0.509375 0.0203125 0.018750000000000003
0 0.44609375 0.49765625 0.026562500000000003 0.029687500000000002
0 0.7742187500000001 0.49765625 0.029687500000000002 0.0765625
0 0.8296875 0.50546875 0.025 0.026562500000000003
0 0.878125 0.56796875 0.203125 0.1796875
0 0.8984375 0.6937500000000001 0.03125 0.034375
