3 0.48828125 0.6414062500000001 0.051562500000000004 0.060937500000000006
3 0.42500000000000004 0.6890625 0.040625 0.028125
3 0.33359375 0.56953125 0.0859375 0.07968750000000001
3 0.38593750000000004 0.46015625000000004 0.1875 0.1046875
3 0.4625 0.39453125 0.09062500000000001 0.0734375
3 0.60078125 0.45234375000000004 0.1171875 0.0765625
3 0.76953125 0.37812500000000004 0.0578125 0.05
3 0.8421875000000001 0.48750000000000004 0.03125 0.053125000000000006
3 0.66171875 0.6101562500000001 0.1765625 0.1796875
3 0.57734375 0.37734375000000003 0.0671875 0.06406250000000001
3 0.5984375000000001 0.22187500000000002 0.2 0.215625
