0 0.3640625 0.58828125 0.046875 0.0734375
0 0.484375 0.5710937500000001 0.184375 0.2171875
0 0.49375 0.68125 0.046875 0.043750000000000004
0 0.60703125 0.6687500000000001 0.06406250000000001 0.0625
0 0.46640625 0.47421875 0.16718750000000002 0.1421875
0 0.53671875 0.3171875 0.18906250000000002 0.171875
0 0.25546875 0.38906250000000003 0.16718750000000002 0.15937500000000002
0 0.24375000000000002 0.62109375 0.125 0.1328125
0 0.12578125 0.584375 0.1265625 0.115625
0 0.10390625 0.49296875 0.035937500000000004 0.035937500000000004
