0 0.10312500000000001 0.4625 0.1125 0.07500000000000001
0 0.21328125 0.384375 0.0765625 0.05
0 0.2890625 0.2015625 0.059375000000000004 0.040625
0 0.371875 0.5750000000000001 0.1375 0.1625
0 0.27890625 0.6039062500000001 0.045312500000000006 0.1328125
0 0.18984375 0.6726562500000001 0.1265625 0.07968750000000001
0 0.059375000000000004 0.6531250000000001 0.037500000000000006 0.037500000000000006
0 0.06875 0.5796875 0.07500000000000001 0.1
0 0.6375000000000001 0.5828125000000001 0.05625 0.059375000000000004
0 0.7054687500000001 0.57734375 0.060937500000000006 0.0703125
0 0.6390625000000001 0.44921875 0.034375 0.045312500000000006
0 0.7976562500000001 0.4 0.0390625 0.043750000000000004
0 0.6117187500000001 0.34453125 0.0703125 0.1234375
