3 0.47734375 0.7296875 0.0546875 0.046875
3 0.5234375 0.6687500000000001 0.06875 0.084375
3 0.70703125 0.55859375 0.24531250000000002 0.2328125
3 0.83125 0.3765625 0.084375 0.08125
3 0.7328125000000001 0.284375 0.078125 0.065625
3 0.34375 0.6296875000000001 0.10625000000000001 0.109375
3 0.3515625 0.50703125 0.22187500000000002 0.15781250000000002
3 0.41953125 0.40703125 0.0921875 0.0890625
3 0.578125 0.41718750000000004 0.153125 0.11875000000000001
3 0.5109375 0.3484375 0.115625 0.096875
3 0.49765625 0.18125000000000002 0.2671875 0.278125
