0 0.19375 0.3765625 0.11875000000000001 0.096875
0 0.31015625 0.34140625 0.07968750000000001 0.06406250000000001
0 0.42812500000000003 0.20703125 0.0625 0.051562500000000004
0 0.39140625 0.55 0.1640625 0.178125
0 0.30390625000000004 0.5476562500000001 0.0765625 0.1265625
0 0.2078125 0.58203125 0.13125 0.1046875
0 0.1015625 0.52734375 0.043750000000000004 0.0421875
0 0.13046875 0.46718750000000003 0.0921875 0.10625000000000001
0 0.6171875 0.6328125 0.065625 0.065625
0 0.6765625000000001 0.64765625 0.07187500000000001 0.0765625
0 0.65625 0.51953125 0.043750000000000004 0.0484375
0 0.80625 0.52265625 0.046875 0.0484375
0 0.66328125 0.42109375000000004 0.09531250000000001 0.1265625
