0 0.64375 0.54453125 0.07187500000000001 0.07968750000000001
0 0.546875 0.46015625000000004 0.028125 0.026562500000000003
0 0.6171875 0.446875 0.08125 0.059375000000000004
0 0.45 0.5703125 0.28750000000000003 0.25
0 0.5078125 0.48828125 0.046875 0.0390625
0 0.4734375 0.5140625 0.043750000000000004 0.040625
0 0.5140625 0.45859375 0.028125 0.029687500000000002
0 0.8070312500000001 0.43515625 0.08281250000000001 0.0546875
0 0.7664062500000001 0.4921875 0.1546875 0.08125
0 0.78125 0.5750000000000001 0.05 0.046875
0 0.7445312500000001 0.59921875 0.029687500000000002 0.029687500000000002
0 0.77890625 0.6375000000000001 0.0328125 0.03125
0 0.7828125 0.26015625000000003 0.08125 0.0890625
0 0.6578125 0.37343750000000003 0.034375 0.034375
