0 0.75 0.41718750000000004 0.05 0.037500000000000006
0 0.81640625 0.63828125 0.0703125 0.0421875
0 0.5140625 0.63828125 0.025 0.026562500000000003
0 0.54609375 0.6875 0.0234375 0.028125
0 0.525 0.69296875 0.021875000000000002 0.026562500000000003
0 0.48750000000000004 0.703125 0.021875000000000002 0.025
0 0.37578125 0.34453125 0.0234375 0.035937500000000004
0 0.43359375 0.26484375 0.026562500000000003 0.029687500000000002
0 0.40859375000000003 0.28359375000000003 0.0203125 0.0328125
0 0.36640625000000004 0.25390625 0.029687500000000002 0.0484375
