0 0.6453125000000001 0.51875 0.059375000000000004 0.07187500000000001
0 0.53359375 0.45703125 0.0234375 0.0234375
0 0.5984375000000001 0.42890625000000004 0.078125 0.045312500000000006
0 0.46171875 0.584375 0.2609375 0.209375
0 0.5007812500000001 0.4921875 0.0421875 0.03125
0 0.4734375 0.5242187500000001 0.037500000000000006 0.035937500000000004
0 0.5007812500000001 0.46171875 0.0234375 0.026562500000000003
0 0.78125 0.37812500000000004 0.08125 0.040625
0 0.7523437500000001 0.44140625 0.1546875 0.051562500000000004
0 0.78515625 0.51953125 0.045312500000000006 0.0390625
0 0.75390625 0.55078125 0.026562500000000003 0.026562500000000003
0 0.79609375 0.58046875 0.029687500000000002 0.026562500000000003
0 0.7210937500000001 0.21328125 0.0671875 0.07968750000000001
0 0.62265625 0.34921875 0.029687500000000002 0.029687500000000002
