0 0.8679687500000001 0.6687500000000001 0.1265625 0.1125
0 0.81171875 0.5546875 0.0859375 0.07500000000000001
0 0.8304687500000001 0.36953125000000003 0.0671875 0.060937500000000006
0 0.5945312500000001 0.6414062500000001 0.1859375 0.1953125
0 0.659375 0.70703125 0.096875 0.1296875
0 0.70234375 0.8031250000000001 0.1390625 0.12187500000000001
0 0.8187500000000001 0.8453125 0.046875 0.046875
0 0.84375 0.78046875 0.10625000000000001 0.1171875
0 0.371875 0.5296875 0.07187500000000001 0.07500000000000001
0 0.31875000000000003 0.49531250000000004 0.08125 0.084375
0 0.43046875 0.41875 0.0484375 0.053125000000000006
0 0.32109375 0.30781250000000004 0.051562500000000004 0.053125000000000006
0 0.49921875000000004 0.34453125 0.11406250000000001 0.1328125
