0 0.4 0.69921875 0.23750000000000002 0.1171875
0 0.54921875 0.5703125 0.1328125 0.10312500000000001
0 0.7117187500000001 0.503125 0.1171875 0.16562500000000002
0 0.7484375000000001 0.39921875 0.05 0.0390625
0 0.6687500000000001 0.3359375 0.05625 0.034375
0 0.8015625000000001 0.51875 0.09375 0.09062500000000001
0 0.8968750000000001 0.58984375 0.1 0.0890625
0 0.80625 0.75390625 0.22187500000000002 0.2109375
0 0.671875 0.7820312500000001 0.059375000000000004 0.1265625
0 0.6578125 0.6843750000000001 0.028125 0.046875
0 0.6078125000000001 0.74609375 0.028125 0.026562500000000003
0 0.5796875 0.8390625 0.040625 0.059375000000000004
0 0.55078125 0.7828125 0.06406250000000001 0.053125000000000006
0 0.6125 0.41796875 0.025 0.0390625
