0 0.38203125000000004 0.43671875000000004 0.0765625 0.0921875
0 0.36250000000000004 0.32734375000000004 0.028125 0.029687500000000002
0 0.6843750000000001 0.6578125 0.06875 0.084375
0 0.47734375 0.69140625 0.1421875 0.2421875
0 0.5906250000000001 0.6234375000000001 0.115625 0.09062500000000001
0 0.6375000000000001 0.7125 0.043750000000000004 0.065625
0 0.56796875 0.43593750000000003 0.1171875 0.11875000000000001
0 0.56953125 0.52890625 0.0390625 0.045312500000000006
0 0.6109375 0.5164062500000001 0.037500000000000006 0.035937500000000004
0 0.86484375 0.40703125 0.051562500000000004 0.0578125
0 0.79453125 0.28203125 0.2484375 0.2109375
0 0.7273437500000001 0.41250000000000003 0.060937500000000006 0.043750000000000004
0 0.70078125 0.4890625 0.060937500000000006 0.07500000000000001
