3 0.571875 0.64453125 0.0625 0.0703125
3 0.64375 0.6882812500000001 0.046875 0.0328125
3 0.728125 0.55234375 0.096875 0.0921875
3 0.6609375000000001 0.44296875 0.20625000000000002 0.1296875
3 0.57265625 0.38046875 0.1015625 0.0859375
3 0.43203125000000003 0.45625000000000004 0.1296875 0.09062500000000001
3 0.24531250000000002 0.39453125 0.065625 0.0578125
3 0.18046875 0.51875 0.0390625 0.059375000000000004
3 0.38515625000000003 0.63046875 0.20468750000000002 0.2078125
3 0.45 0.37421875000000004 0.078125 0.0734375
3 0.41015625 0.2109375 0.2328125 0.246875
