3 0.49140625000000004 0.5328125 0.0734375 0.053125000000000006
3 0.55234375 0.48515625 0.0578125 0.0484375
3 0.43984375000000003 0.33984375 0.0703125 0.0671875
3 0.37734375000000003 0.446875 0.1484375 0.10312500000000001
3 0.33828125000000003 0.62890625 0.1078125 0.09531250000000001
3 0.5015625 0.7156250000000001 0.08125 0.09062500000000001
3 0.55703125 0.7367187500000001 0.0734375 0.1078125
3 0.65390625 0.7781250000000001 0.1078125 0.146875
3 0.815625 0.7046875 0.053125000000000006 0.053125000000000006
3 0.796875 0.6414062500000001 0.040625 0.0421875
3 0.73984375 0.728125 0.0671875 0.06875
