0 0.80234375 0.39765625000000004 0.21406250000000002 0.15156250000000002
0 0.6265625 0.46640625 0.11875000000000001 0.1859375
0 0.76171875 0.51015625 0.0421875 0.045312500000000006
0 0.7117187500000001 0.50546875 0.0328125 0.045312500000000006
0 0.74921875 0.6109375 0.0546875 0.05
0 0.6585937500000001 0.796875 0.035937500000000004 0.034375
0 0.6140625000000001 0.5890625 0.10625000000000001 0.096875
0 0.784375 0.553125 0.03125 0.034375
0 0.5140625 0.46328125000000003 0.140625 0.1296875
0 0.46718750000000003 0.55390625 0.07187500000000001 0.0671875
0 0.33437500000000003 0.521875 0.265625 0.25
0 0.8984375 0.5421875 0.037500000000000006 0.040625
