0 0.7625000000000001 0.6039062500000001 0.040625 0.0421875
0 0.76328125 0.6492187500000001 0.026562500000000003 0.035937500000000004
0 0.6875 0.58046875 0.034375 0.035937500000000004
0 0.703125 0.51484375 0.053125000000000006 0.06406250000000001
0 0.6585937500000001 0.38359375 0.0328125 0.0390625
0 0.5320312500000001 0.37734375000000003 0.0234375 0.0234375
0 0.5398437500000001 0.34218750000000003 0.0234375 0.025
0 0.6195312500000001 0.23671875 0.0421875 0.045312500000000006
0 0.540625 0.23671875 0.12812500000000002 0.1265625
0 0.45703125 0.40859375000000003 0.0328125 0.0703125
0 0.434375 0.34218750000000003 0.03125 0.05625
0 0.38203125000000004 0.403125 0.1078125 0.153125
0 0.47500000000000003 0.521875 0.07500000000000001 0.059375000000000004
0 0.36640625000000004 0.6429687500000001 0.026562500000000003 0.029687500000000002
