0 0.36015625 0.3484375 0.27968750000000003 0.16562500000000002
0 0.5437500000000001 0.46640625 0.1625 0.1328125
0 0.73359375 0.515625 0.1546875 0.2
0 0.7898437500000001 0.6218750000000001 0.060937500000000006 0.05
0 0.7117187500000001 0.7046875 0.0671875 0.046875
0 0.8296875 0.48359375000000004 0.115625 0.11406250000000001
0 0.9234375 0.39140625 0.12187500000000001 0.11406250000000001
0 0.7984375 0.22421875000000002 0.275 0.2671875
0 0.6468750000000001 0.21484375 0.084375 0.1484375
0 0.64609375 0.32343750000000004 0.0390625 0.05625
0 0.58203125 0.26406250000000003 0.035937500000000004 0.034375
0 0.53671875 0.16640625 0.0546875 0.0703125
0 0.5125000000000001 0.2328125 0.078125 0.06875
0 0.63828125 0.62421875 0.0328125 0.045312500000000006
