0 0.31562500000000004 0.29921875000000003 0.19375 0.18906250000000002
0 0.48984375 0.33828125000000003 0.1546875 0.1796875
0 0.3671875 0.38828125 0.043750000000000004 0.045312500000000006
0 0.4109375 0.37421875000000004 0.03125 0.0390625
0 0.38906250000000003 0.4890625 0.053125000000000006 0.059375000000000004
0 0.34453125 0.43671875000000004 0.0234375 0.0390625
0 0.23984375000000002 0.43281250000000004 0.026562500000000003 0.03125
0 0.375 0.55078125 0.025 0.029687500000000002
0 0.49609375 0.6671875 0.035937500000000004 0.040625
0 0.52734375 0.6781250000000001 0.0921875 0.12187500000000001
0 0.57734375 0.7039062500000001 0.029687500000000002 0.0328125
0 0.5640625 0.8828125 0.043750000000000004 0.043750000000000004
0 0.634375 0.91171875 0.065625 0.0734375
0 0.5828125000000001 0.5390625 0.0625 0.059375000000000004
0 0.69296875 0.6062500000000001 0.19843750000000002 0.15000000000000002
0 0.7078125000000001 0.26015625000000003 0.09062500000000001 0.1296875
0 0.80078125 0.27421875 0.1296875 0.09531250000000001
0 0.5265625 0.78046875 0.018750000000000003 0.026562500000000003
0 0.52265625 0.45859375 0.1078125 0.0734375
