0 0.753125 0.2609375 0.14375000000000002 0.1375
0 0.6765625000000001 0.29375 0.05625 0.07187500000000001
0 0.7156250000000001 0.35078125000000004 0.053125000000000006 0.08281250000000001
0 0.66015625 0.3671875 0.0703125 0.059375000000000004
0 0.61640625 0.34687500000000004 0.0390625 0.046875
0 0.6195312500000001 0.465625 0.0578125 0.053125000000000006
0 0.6859375000000001 0.43359375 0.0625 0.06406250000000001
0 0.78125 0.5171875 0.059375000000000004 0.040625
0 0.63828125 0.6726562500000001 0.07968750000000001 0.0484375
0 0.56484375 0.6703125000000001 0.0421875 0.040625
0 0.5625 0.74609375 0.05 0.0421875
0 0.51796875 0.7562500000000001 0.0390625 0.03125
0 0.48281250000000003 0.51171875 0.09062500000000001 0.0734375
0 0.43281250000000004 0.37031250000000004 0.12187500000000001 0.1625
0 0.5046875000000001 0.39687500000000003 0.0625 0.078125
0 0.5078125 0.32578125 0.046875 0.060937500000000006
