0 0.73828125 0.50234375 0.045312500000000006 0.035937500000000004
0 0.7289062500000001 0.7015625000000001 0.06406250000000001 0.040625
0 0.48281250000000003 0.61484375 0.025 0.026562500000000003
0 0.49453125000000003 0.66328125 0.0234375 0.026562500000000003
0 0.47500000000000003 0.6625000000000001 0.018750000000000003 0.025
0 0.44140625 0.66015625 0.0203125 0.0234375
0 0.45390625 0.33515625000000004 0.0234375 0.0328125
0 0.5234375 0.28671875 0.025 0.026562500000000003
0 0.49843750000000003 0.29453125 0.021875000000000002 0.029687500000000002
0 0.47265625 0.2578125 0.029687500000000002 0.043750000000000004
