0 0.44062500000000004 0.43125 0.05 0.09062500000000001
0 0.3875 0.46640625 0.040625 0.0421875
0 0.3015625 0.6312500000000001 0.096875 0.115625
0 0.47109375000000003 0.6015625 0.035937500000000004 0.028125
0 0.48671875000000003 0.640625 0.026562500000000003 0.018750000000000003
0 0.56875 0.65546875 0.040625 0.0390625
0 0.5710937500000001 0.7078125000000001 0.0671875 0.03125
0 0.51015625 0.7679687500000001 0.1265625 0.1609375
0 0.40937500000000004 0.7421875 0.043750000000000004 0.078125
0 0.33828125000000003 0.721875 0.0234375 0.05625
0 0.321875 0.7992187500000001 0.05625 0.0671875
0 0.41875 0.8539062500000001 0.034375 0.051562500000000004
0 0.3453125 0.9203125000000001 0.06875 0.07187500000000001
