0 0.18906250000000002 0.6156250000000001 0.15937500000000002 0.12187500000000001
0 0.36015625 0.51484375 0.0578125 0.0671875
0 0.40234375 0.5945312500000001 0.051562500000000004 0.0671875
0 0.44765625000000003 0.5007812500000001 0.0234375 0.0234375
0 0.1234375 0.5578125 0.06875 0.07187500000000001
0 0.15156250000000002 0.51328125 0.05625 0.08281250000000001
0 0.17500000000000002 0.47265625 0.05625 0.0734375
0 0.28046875 0.39609375 0.11406250000000001 0.1203125
0 0.21328125 0.46640625 0.0328125 0.0390625
0 0.27265625 0.47578125000000004 0.026562500000000003 0.026562500000000003
0 0.184375 0.4109375 0.034375 0.03125
0 0.46953125 0.3515625 0.08281250000000001 0.096875
0 0.5085937500000001 0.20078125000000002 0.1953125 0.11406250000000001
