0 0.53515625 0.59765625 0.051562500000000004 0.0484375
0 0.42109375000000004 0.56953125 0.0421875 0.0328125
0 0.69140625 0.44140625 0.0765625 0.0390625
0 0.634375 0.41250000000000003 0.037500000000000006 0.040625
0 0.6570312500000001 0.3453125 0.0578125 0.046875
0 0.6203125 0.31171875000000004 0.040625 0.0328125
0 0.53828125 0.515625 0.051562500000000004 0.05625
0 0.53828125 0.66953125 0.0484375 0.0671875
0 0.65234375 0.7171875000000001 0.045312500000000006 0.046875
0 0.6953125 0.6375000000000001 0.043750000000000004 0.040625
0 0.47265625 0.6664062500000001 0.060937500000000006 0.060937500000000006
0 0.42109375000000004 0.8093750000000001 0.1484375 0.12187500000000001
0 0.478125 0.7351562500000001 0.07187500000000001 0.08281250000000001
0 0.4078125 0.7234375000000001 0.07500000000000001 0.059375000000000004
