0 0.58203125 0.42500000000000004 0.060937500000000006 0.09062500000000001
0 0.6359375 0.44765625000000003 0.043750000000000004 0.045312500000000006
0 0.7445312500000001 0.58359375 0.1078125 0.1203125
0 0.5828125000000001 0.5867187500000001 0.037500000000000006 0.0328125
0 0.5765625 0.62421875 0.028125 0.0234375
0 0.503125 0.65234375 0.043750000000000004 0.0421875
0 0.5109375 0.70078125 0.065625 0.0390625
0 0.57734375 0.7453125 0.1421875 0.16875
0 0.6648437500000001 0.7039062500000001 0.051562500000000004 0.07968750000000001
0 0.7265625 0.671875 0.03125 0.05625
0 0.7546875000000001 0.74140625 0.0625 0.0703125
0 0.67578125 0.80859375 0.0390625 0.051562500000000004
0 0.7562500000000001 0.8562500000000001 0.07500000000000001 0.078125
