3 0.46796875000000004 0.6421875 0.0578125 0.06875
3 0.39687500000000003 0.7039062500000001 0.046875 0.029687500000000002
3 0.28046875 0.56953125 0.09531250000000001 0.0890625
3 0.33359375 0.43671875000000004 0.21406250000000002 0.11093750000000001
3 0.41953125 0.353125 0.1015625 0.08125
3 0.5875 0.4109375 0.134375 0.08125
3 0.78125 0.31015625 0.065625 0.0546875
3 0.875 0.43359375 0.034375 0.060937500000000006
3 0.6703125000000001 0.59296875 0.19687500000000002 0.2015625
3 0.553125 0.32421875 0.07500000000000001 0.0703125
3 0.5671875000000001 0.13828125 0.22187500000000002 0.2421875
