0 0.61875 0.49062500000000003 0.11875000000000001 0.12812500000000002
0 0.5265625 0.7140625 0.043750000000000004 0.034375
0 0.48828125 0.6671875 0.0328125 0.028125
0 0.29531250000000003 0.47578125000000004 0.13125 0.11406250000000001
0 0.21406250000000002 0.50234375 0.03125 0.029687500000000002
0 0.14296875 0.47734375 0.0421875 0.0390625
0 0.20234375000000002 0.40703125 0.0703125 0.0484375
0 0.1875 0.34296875000000004 0.09375 0.0921875
0 0.24531250000000002 0.27578125000000003 0.08125 0.07968750000000001
0 0.25 0.19296875000000002 0.134375 0.1328125
0 0.36328125 0.3671875 0.1796875 0.15625
