0 0.2890625 0.5546875 0.05 0.037500000000000006
0 0.290625 0.33828125000000003 0.06875 0.0421875
0 0.56171875 0.42109375000000004 0.026562500000000003 0.026562500000000003
0 0.54609375 0.36875 0.0234375 0.028125
0 0.5671875000000001 0.36796875 0.021875000000000002 0.026562500000000003
0 0.6046875 0.37031250000000004 0.021875000000000002 0.025
0 0.6062500000000001 0.721875 0.025 0.034375
0 0.5328125 0.77890625 0.025 0.029687500000000002
0 0.5593750000000001 0.76875 0.021875000000000002 0.03125
0 0.58984375 0.8070312500000001 0.029687500000000002 0.0484375
