0 0.5765625 0.24375000000000002 0.05625 0.16562500000000002
0 0.675 0.40625 0.15000000000000002 0.259375
0 0.5921875 0.35234375 0.018750000000000003 0.0234375
0 0.7078125000000001 0.259375 0.043750000000000004 0.046875
0 0.6820312500000001 0.2234375 0.0234375 0.021875000000000002
0 0.7429687500000001 0.2390625 0.0203125 0.021875000000000002
0 0.65390625 0.603125 0.029687500000000002 0.037500000000000006
0 0.659375 0.7171875000000001 0.2625 0.1625
0 0.51171875 0.76484375 0.0328125 0.060937500000000006
0 0.5906250000000001 0.42421875000000003 0.028125 0.0390625
