0 0.4734375 0.6484375 0.043750000000000004 0.046875
0 0.6671875 0.69453125 0.24375000000000002 0.3046875
0 0.38515625000000003 0.5171875 0.0171875 0.025
0 0.696875 0.44375000000000003 0.16562500000000002 0.065625
0 0.8304687500000001 0.38671875 0.0890625 0.0578125
0 0.859375 0.30859375 0.03125 0.026562500000000003
0 0.7515625 0.2921875 0.07500000000000001 0.046875
0 0.6804687500000001 0.35078125000000004 0.029687500000000002 0.026562500000000003
0 0.28828125 0.2578125 0.0703125 0.096875
0 0.12265625000000001 0.24531250000000002 0.0328125 0.037500000000000006
