0 0.29765625 0.37031250000000004 0.1296875 0.08125
0 0.26328125 0.49062500000000003 0.0921875 0.05625
0 0.43515625 0.45546875000000003 0.0421875 0.026562500000000003
0 0.38125000000000003 0.403125 0.05625 0.053125000000000006
0 0.37890625 0.49062500000000003 0.0234375 0.021875000000000002
0 0.41953125 0.5632812500000001 0.11406250000000001 0.1296875
0 0.2515625 0.6171875 0.028125 0.03125
0 0.48750000000000004 0.19140625 0.1625 0.1796875
0 0.56796875 0.35390625000000003 0.0390625 0.0328125
0 0.56796875 0.415625 0.0546875 0.059375000000000004
0 0.54453125 0.49062500000000003 0.035937500000000004 0.025
0 0.6296875000000001 0.50546875 0.09062500000000001 0.0703125
