0 0.36328125 0.56640625 0.045312500000000006 0.0703125
0 0.46484375 0.509375 0.1796875 0.209375
0 0.40703125 0.41953125 0.045312500000000006 0.0421875
0 0.5 0.36250000000000004 0.0625 0.0625
0 0.509375 0.5921875 0.1625 0.1375
0 0.65546875 0.6703125000000001 0.18281250000000002 0.16562500000000002
0 0.39921875 0.7820312500000001 0.1609375 0.1546875
0 0.25390625 0.61328125 0.1203125 0.1296875
0 0.18515625000000002 0.71015625 0.1234375 0.11093750000000001
0 0.22265625 0.79296875 0.035937500000000004 0.035937500000000004
