0 0.521875 0.29531250000000003 0.040625 0.028125
0 0.4859375 0.26875 0.034375 0.040625
0 0.38593750000000004 0.33984375 0.021875000000000002 0.0234375
0 0.44609375 0.41640625000000003 0.0234375 0.029687500000000002
0 0.40546875000000004 0.1953125 0.2484375 0.10625000000000001
0 0.6953125 0.4546875 0.053125000000000006 0.059375000000000004
0 0.671875 0.55859375 0.028125 0.0578125
0 0.9140625 0.50234375 0.15937500000000002 0.08281250000000001
0 0.9656250000000001 0.41640625000000003 0.05625 0.06406250000000001
0 0.89609375 0.36328125 0.07968750000000001 0.1078125
0 0.71640625 0.30078125 0.1203125 0.11093750000000001
0 0.77265625 0.38046875 0.026562500000000003 0.029687500000000002
0 0.8343750000000001 0.3515625 0.025 0.034375
0 0.5953125 0.47187500000000004 0.025 0.03125
0 0.84375 0.28125 0.03125 0.034375
