3 0.43671875000000004 0.7367187500000001 0.1390625 0.1390625
3 0.46328125000000003 0.8367187500000001 0.07968750000000001 0.0703125
3 0.7515625 0.675 0.390625 0.31562500000000004
3 0.35546875 0.51015625 0.1296875 0.1265625
3 0.40468750000000003 0.4109375 0.05 0.05
3 0.55234375 0.496875 0.1609375 0.146875
3 0.59609375 0.36953125000000003 0.2171875 0.2328125
3 0.6781250000000001 0.41875 0.084375 0.08125
3 0.49062500000000003 0.30000000000000004 0.14375000000000002 0.153125
3 0.66015625 0.22421875000000002 0.0921875 0.09531250000000001
3 0.53671875 0.09140625000000001 0.16718750000000002 0.1546875
