0 0.6976562500000001 0.14375000000000002 0.07968750000000001 0.08125
0 0.58828125 0.30781250000000004 0.1484375 0.146875
0 0.52109375 0.2109375 0.07968750000000001 0.065625
0 0.4453125 0.2921875 0.13125 0.16562500000000002
0 0.28046875 0.2765625 0.0484375 0.037500000000000006
0 0.55234375 0.40078125000000003 0.0890625 0.1015625
0 0.6125 0.67578125 0.284375 0.41718750000000004
0 0.7140625 0.5828125000000001 0.096875 0.115625
0 0.75 0.415625 0.05 0.05625
0 0.70859375 0.19453125000000002 0.029687500000000002 0.029687500000000002
