0 0.4578125 0.60859375 0.10625000000000001 0.1203125
0 0.40390625 0.35703125 0.045312500000000006 0.026562500000000003
0 0.465625 0.37421875000000004 0.03125 0.0234375
0 0.7507812500000001 0.42734375 0.1296875 0.09531250000000001
0 0.8070312500000001 0.35468750000000004 0.029687500000000002 0.025
0 0.884375 0.33359375 0.040625 0.0328125
0 0.875 0.43125 0.07500000000000001 0.034375
0 0.92578125 0.47968750000000004 0.0859375 0.084375
0 0.915625 0.5734375 0.07500000000000001 0.07187500000000001
0 0.94921875 0.6492187500000001 0.1015625 0.1203125
0 0.75703125 0.5640625 0.1765625 0.13125
