0 0.4140625 0.3953125 0.084375 0.096875
0 0.4296875 0.2828125 0.03125 0.03125
0 0.6359375 0.7039062500000001 0.07500000000000001 0.0890625
0 0.42500000000000004 0.671875 0.15937500000000002 0.253125
0 0.55625 0.6414062500000001 0.12187500000000001 0.09843750000000001
0 0.5734375 0.7429687500000001 0.046875 0.0703125
0 0.59375 0.453125 0.125 0.12812500000000002
0 0.56640625 0.5437500000000001 0.0421875 0.046875
0 0.6101562500000001 0.54453125 0.0390625 0.0390625
0 0.890625 0.51875 0.05625 0.0625
0 0.8617187500000001 0.375 0.26406250000000003 0.22812500000000002
0 0.75546875 0.48046875 0.06406250000000001 0.0484375
0 0.70625 0.54609375 0.065625 0.07968750000000001
