0 0.3796875 0.73984375 0.053125000000000006 0.0546875
0 0.415625 0.6414062500000001 0.040625 0.0421875
0 0.6375000000000001 0.6046875 0.028125 0.03125
0 0.2765625 0.51171875 0.1375 0.1171875
0 0.29375 0.58984375 0.040625 0.0671875
0 0.1171875 0.534375 0.034375 0.03125
0 0.51953125 0.4578125 0.0328125 0.03125
0 0.46796875000000004 0.3671875 0.0390625 0.040625
0 0.5234375 0.29140625000000003 0.034375 0.0390625
0 0.58515625 0.25234375000000003 0.051562500000000004 0.0484375
0 0.68359375 0.31015625 0.0921875 0.0890625
0 0.64609375 0.40546875000000004 0.0578125 0.06406250000000001
0 0.42500000000000004 0.39921875 0.021875000000000002 0.026562500000000003
0 0.2484375 0.2015625 0.065625 0.0625
0 0.23046875 0.27187500000000003 0.0421875 0.053125000000000006
