0 0.53046875 0.65625 0.0421875 0.05
0 0.59609375 0.7250000000000001 0.24531250000000002 0.30625
0 0.5484375 0.8914062500000001 0.06875 0.0703125
0 0.50234375 0.909375 0.0328125 0.034375
0 0.41328125000000004 0.8250000000000001 0.1296875 0.19062500000000002
0 0.49140625000000004 0.73046875 0.035937500000000004 0.035937500000000004
0 0.5734375 0.9281250000000001 0.025 0.025
0 0.41250000000000003 0.6257812500000001 0.19687500000000002 0.15781250000000002
0 0.39765625000000004 0.54453125 0.0734375 0.0765625
0 0.34921875 0.49765625 0.0484375 0.045312500000000006
0 0.49843750000000003 0.5593750000000001 0.115625 0.12812500000000002
0 0.33984375 0.38593750000000004 0.09531250000000001 0.096875
0 0.275 0.3640625 0.05625 0.05625
0 0.2078125 0.3515625 0.040625 0.037500000000000006
0 0.26953125 0.40156250000000004 0.026562500000000003 0.025
0 0.46015625000000004 0.46875 0.035937500000000004 0.037500000000000006
0 0.77265625 0.59921875 0.0578125 0.08281250000000001
0 0.8210937500000001 0.6296875000000001 0.0328125 0.034375
0 0.84296875 0.70859375 0.2578125 0.24531250000000002
0 0.8125 0.8359375 0.043750000000000004 0.043750000000000004
