0 0.8453125 0.50546875 0.1 0.0734375
0 0.7664062500000001 0.58125 0.0671875 0.05
0 0.7273437500000001 0.7367187500000001 0.051562500000000004 0.0390625
0 0.61640625 0.446875 0.1296875 0.146875
0 0.6875 0.41328125000000004 0.053125000000000006 0.11093750000000001
0 0.7507812500000001 0.34765625 0.11093750000000001 0.07968750000000001
0 0.8578125000000001 0.3484375 0.034375 0.034375
0 0.859375 0.40703125 0.07187500000000001 0.0890625
0 0.40234375 0.47265625 0.051562500000000004 0.0546875
0 0.34921875 0.48515625 0.0578125 0.06406250000000001
0 0.41796875 0.5796875 0.0328125 0.040625
0 0.29609375 0.63828125 0.035937500000000004 0.0390625
0 0.45156250000000003 0.66015625 0.07187500000000001 0.1078125
