0 0.6234375000000001 0.7921875 0.065625 0.08125
0 0.6796875 0.69296875 0.07500000000000001 0.09843750000000001
0 0.6648437500000001 0.7515625 0.035937500000000004 0.037500000000000006
0 0.57578125 0.728125 0.026562500000000003 0.028125
0 0.49375 0.79296875 0.025 0.026562500000000003
0 0.48125 0.72578125 0.025 0.029687500000000002
0 0.49921875000000004 0.6156250000000001 0.035937500000000004 0.028125
0 0.54453125 0.5671875000000001 0.045312500000000006 0.059375000000000004
0 0.7093750000000001 0.6421875 0.278125 0.21875
0 0.9007812500000001 0.6390625000000001 0.060937500000000006 0.065625
0 0.90390625 0.5320312500000001 0.029687500000000002 0.0328125
0 0.790625 0.52109375 0.037500000000000006 0.0484375
0 0.7468750000000001 0.49296875 0.037500000000000006 0.045312500000000006
0 0.7429687500000001 0.43671875000000004 0.0765625 0.0703125
0 0.596875 0.43359375 0.0625 0.0546875
0 0.57734375 0.37421875000000004 0.0484375 0.051562500000000004
0 0.478125 0.415625 0.1 0.078125
0 0.44765625000000003 0.3609375 0.0390625 0.03125
0 0.46171875 0.31640625 0.0484375 0.045312500000000006
0 0.53125 0.3203125 0.034375 0.03125
0 0.6609375000000001 0.28515625 0.215625 0.22968750000000002
