3 0.2171875 0.45546875000000003 0.134375 0.1234375
3 0.24765625000000002 0.5554687500000001 0.0859375 0.0671875
3 0.3640625 0.41015625 0.0625 0.0578125
3 0.35000000000000003 0.31093750000000003 0.19687500000000002 0.16875
3 0.52578125 0.29921875000000003 0.06406250000000001 0.0703125
3 0.40156250000000004 0.19375 0.065625 0.07500000000000001
3 0.47109375000000003 0.1703125 0.06406250000000001 0.07187500000000001
3 0.5859375 0.203125 0.2 0.184375
3 0.34140625 0.53671875 0.045312500000000006 0.045312500000000006
3 0.44140625 0.47578125000000004 0.0578125 0.07968750000000001
3 0.453125 0.57421875 0.096875 0.11406250000000001
3 0.5921875 0.4921875 0.053125000000000006 0.040625
