3 0.8625 0.5046875000000001 0.13125 0.109375
3 0.80234375 0.40859375000000003 0.0859375 0.0546875
3 0.721875 0.59609375 0.059375000000000004 0.051562500000000004
3 0.76484375 0.6953125 0.1921875 0.146875
3 0.584375 0.7585937500000001 0.05625 0.0671875
3 0.7445312500000001 0.8328125000000001 0.0578125 0.07187500000000001
3 0.67890625 0.878125 0.0546875 0.06875
3 0.54921875 0.8765625 0.1921875 0.16562500000000002
3 0.7093750000000001 0.45546875000000003 0.040625 0.0421875
3 0.6218750000000001 0.5484375 0.043750000000000004 0.08125
3 0.5796875 0.44765625000000003 0.08125 0.11406250000000001
3 0.4578125 0.57421875 0.053125000000000006 0.0328125
