0 0.7664062500000001 0.78828125 0.0546875 0.0546875
0 0.6328125 0.6820312500000001 0.10312500000000001 0.1015625
0 0.6039062500000001 0.7796875000000001 0.060937500000000006 0.040625
0 0.51953125 0.7328125000000001 0.07968750000000001 0.125
0 0.38828125 0.7890625 0.035937500000000004 0.021875000000000002
0 0.5789062500000001 0.6156250000000001 0.0578125 0.07500000000000001
0 0.55625 0.371875 0.153125 0.33125000000000004
0 0.6640625 0.42265625 0.059375000000000004 0.0859375
0 0.73828125 0.55 0.0328125 0.040625
0 0.76171875 0.74375 0.0203125 0.021875000000000002
