0 0.6882812500000001 0.69140625 0.045312500000000006 0.045312500000000006
0 0.6687500000000001 0.7289062500000001 0.03125 0.035937500000000004
0 0.6351562500000001 0.63984375 0.0390625 0.0390625
0 0.67578125 0.59140625 0.060937500000000006 0.0671875
0 0.6937500000000001 0.46406250000000004 0.037500000000000006 0.040625
0 0.5906250000000001 0.40625 0.025 0.025
0 0.61328125 0.3796875 0.026562500000000003 0.028125
0 0.7234375000000001 0.32578125 0.046875 0.0484375
0 0.6578125 0.29296875 0.140625 0.1390625
0 0.515625 0.4 0.043750000000000004 0.065625
0 0.52578125 0.33515625000000004 0.0390625 0.0546875
0 0.45625000000000004 0.3640625 0.12812500000000002 0.15625
0 0.48359375000000004 0.5015625 0.07968750000000001 0.06875
0 0.34218750000000003 0.55703125 0.028125 0.0328125
