3 0.53515625 0.478125 0.08281250000000001 0.046875
3 0.47500000000000003 0.5546875 0.0625 0.046875
3 0.65546875 0.69453125 0.0734375 0.0671875
3 0.6976562500000001 0.5476562500000001 0.16718750000000002 0.0890625
3 0.6898437500000001 0.31640625 0.11406250000000001 0.0921875
3 0.46718750000000003 0.26171875 0.08125 0.09531250000000001
3 0.39453125 0.253125 0.06406250000000001 0.12187500000000001
3 0.26484375 0.23203125000000002 0.09531250000000001 0.1640625
3 0.09140625000000001 0.36953125000000003 0.0546875 0.0546875
3 0.134375 0.44062500000000004 0.040625 0.043750000000000004
3 0.1765625 0.31796875 0.06875 0.0703125
