3 0.48828125 0.5265625 0.07968750000000001 0.065625
3 0.56171875 0.49140625000000004 0.06406250000000001 0.0578125
3 0.47734375 0.32109375 0.07968750000000001 0.0765625
3 0.39140625 0.41484375 0.15781250000000002 0.1265625
3 0.3140625 0.59140625 0.11875000000000001 0.11093750000000001
3 0.46015625000000004 0.7132812500000001 0.09531250000000001 0.1015625
3 0.51171875 0.74609375 0.0921875 0.11406250000000001
3 0.6015625 0.80859375 0.13125 0.15781250000000002
3 0.78046875 0.76875 0.060937500000000006 0.059375000000000004
3 0.775 0.7000000000000001 0.046875 0.046875
3 0.6984375 0.7765625 0.078125 0.078125
