0 0.15859375 0.72265625 0.0484375 0.051562500000000004
0 0.21406250000000002 0.7203125 0.037500000000000006 0.053125000000000006
0 0.25625000000000003 0.7210937500000001 0.043750000000000004 0.026562500000000003
0 0.31562500000000004 0.70234375 0.046875 0.035937500000000004
0 0.37812500000000004 0.70859375 0.059375000000000004 0.0671875
0 0.32656250000000003 0.75390625 0.037500000000000006 0.029687500000000002
0 0.6820312500000001 0.6171875 0.13593750000000002 0.07500000000000001
0 0.359375 0.55 0.021875000000000002 0.037500000000000006
0 0.45546875000000003 0.5 0.0421875 0.025
0 0.503125 0.403125 0.059375000000000004 0.09375
0 0.58515625 0.31015625 0.1046875 0.1328125
0 0.61328125 0.203125 0.051562500000000004 0.084375
0 0.6687500000000001 0.3015625 0.0625 0.07187500000000001
0 0.6328125 0.37734375000000003 0.05625 0.0546875
0 0.71015625 0.3921875 0.27968750000000003 0.34375
