3 0.7953125000000001 0.71484375 0.146875 0.13593750000000002
3 0.6960937500000001 0.76328125 0.0921875 0.0765625
3 0.72578125 0.56640625 0.0671875 0.06406250000000001
3 0.8140625 0.50625 0.21250000000000002 0.19062500000000002
3 0.6976562500000001 0.35859375000000004 0.0703125 0.0765625
3 0.8679687500000001 0.38125000000000003 0.0734375 0.08125
3 0.8367187500000001 0.309375 0.0703125 0.078125
3 0.7289062500000001 0.24296875 0.22031250000000002 0.20468750000000002
3 0.6421875 0.67578125 0.05 0.0484375
3 0.61875 0.553125 0.065625 0.084375
3 0.5320312500000001 0.61484375 0.1078125 0.1234375
3 0.49609375 0.44609375 0.0578125 0.045312500000000006
