0 0.599609375 0.71484375 0.10546875 0.09375
0 0.7265625 0.755859375 0.203125 0.05078125
0 0.857421875 0.611328125 0.16796875 0.08984375
0 0.77734375 0.517578125 0.140625 0.06640625
0 0.484375 0.564453125 0.0859375 0.05859375
0 0.5703125 0.48046875 0.0625 0.0546875
0 0.306640625 0.447265625 0.16796875 0.16796875
0 0.197265625 0.572265625 0.05859375 0.08203125
0 0.451171875 0.412109375 0.14453125 0.09765625
0 0.419921875 0.25 0.13671875 0.1171875
0 0.548828125 0.251953125 0.10546875 0.10546875
0 0.46875 0.1328125 0.1484375 0.140625
0 0.341796875 0.775390625 0.14453125 0.03515625
0 0.740234375 0.283203125 0.12890625 0.08984375
