0 0.13671875 0.099609375 0.0703125 0.08984375
0 0.205078125 0.140625 0.02734375 0.03125
0 0.197265625 0.2578125 0.03515625 0.0390625
0 0.115234375 0.27734375 0.04296875 0.046875
0 0.30859375 0.4921875 0.0390625 0.046875
0 0.392578125 0.408203125 0.07421875 0.06640625
0 0.505859375 0.49609375 0.16015625 0.0859375
0 0.568359375 0.5703125 0.05078125 0.0390625
0 0.681640625 0.634765625 0.08203125 0.08203125
0 0.548828125 0.69921875 0.23046875 0.109375
0 0.6640625 0.466796875 0.1484375 0.26953125
0 0.7734375 0.55078125 0.0703125 0.078125
0 0.765625 0.412109375 0.0859375 0.19921875
0 0.6484375 0.25390625 0.078125 0.15625
0 0.38671875 0.6640625 0.0859375 0.0625
0 0.310546875 0.177734375 0.02734375 0.05078125
0 0.208984375 0.39453125 0.04296875 0.0546875
0 0.369140625 0.189453125 0.02734375 0.03515625
0 0.125 0.373046875 0.1171875 0.11328125
0 0.322265625 0.611328125 0.05078125 0.05078125
