0 0.55859375 0.541015625 0.0859375 0.13671875
0 0.80859375 0.673828125 0.2734375 0.08984375
0 0.71875 0.57421875 0.1796875 0.0703125
0 0.89453125 0.58984375 0.0546875 0.0546875
0 0.48046875 0.44140625 0.078125 0.125
0 0.857421875 0.3828125 0.19140625 0.15625
0 0.6328125 0.107421875 0.28125 0.19140625
0 0.60546875 0.232421875 0.0546875 0.06640625
0 0.421875 0.693359375 0.0703125 0.05078125
0 0.4296875 0.212890625 0.1015625 0.07421875
0 0.26171875 0.3046875 0.1328125 0.1171875
0 0.671875 0.3203125 0.21875 0.2109375
0 0.419921875 0.796875 0.04296875 0.03125
0 0.353515625 0.755859375 0.05859375 0.03515625
0 0.232421875 0.72265625 0.05078125 0.0390625
0 0.228515625 0.607421875 0.08984375 0.07421875
0 0.33203125 0.634765625 0.0859375 0.03515625
0 0.6796875 0.732421875 0.078125 0.04296875
0 0.36328125 0.806640625 0.046875 0.02734375
0 0.224609375 0.482421875 0.06640625 0.09765625
0 0.43359375 0.326171875 0.0703125 0.05078125
0 0.5234375 0.30859375 0.078125 0.1171875
0 0.09375 0.568359375 0.046875 0.05859375
0 0.10546875 0.4609375 0.0546875 0.1015625
0 0.333984375 0.556640625 0.05078125 0.04296875
0 0.712890625 0.515625 0.03515625 0.0546875
