0 0.087890625 0.662109375 0.15234375 0.20703125
0 0.595703125 0.583984375 0.11328125 0.10546875
0 0.708984375 0.5625 0.09765625 0.1015625
0 0.845703125 0.623046875 0.10546875 0.15234375
0 0.24609375 0.162109375 0.3671875 0.29296875
0 0.21875 0.353515625 0.078125 0.12109375
0 0.123046875 0.470703125 0.08984375 0.09765625
0 0.119140625 0.537109375 0.10546875 0.05859375
0 0.2265625 0.64453125 0.1015625 0.0546875
0 0.447265625 0.529296875 0.11328125 0.10546875
0 0.43359375 0.888671875 0.1328125 0.05078125
0 0.630859375 0.74609375 0.04296875 0.0625
0 0.654296875 0.373046875 0.11328125 0.10546875
0 0.333984375 0.453125 0.05859375 0.046875
0 0.39453125 0.419921875 0.1171875 0.08984375
0 0.513671875 0.361328125 0.15234375 0.23046875
0 0.431640625 0.75390625 0.22265625 0.0546875
0 0.248046875 0.796875 0.08203125 0.0703125
0 0.841796875 0.5234375 0.03515625 0.0390625
