0 0.80859375 0.70703125 0.0703125 0.046875
0 0.68359375 0.767578125 0.25 0.11328125
0 0.6484375 0.626953125 0.1640625 0.07421875
0 0.544921875 0.564453125 0.12890625 0.13671875
0 0.529296875 0.802734375 0.06640625 0.05859375
0 0.896484375 0.443359375 0.16015625 0.19921875
0 0.498046875 0.41796875 0.07421875 0.1484375
0 0.51953125 0.271484375 0.0703125 0.05859375
0 0.60546875 0.244140625 0.0625 0.06640625
0 0.5859375 0.31640625 0.046875 0.0703125
0 0.5859375 0.435546875 0.046875 0.04296875
0 0.7265625 0.080078125 0.1796875 0.15234375
0 0.70703125 0.193359375 0.0703125 0.08984375
0 0.74609375 0.3046875 0.2734375 0.265625
0 0.892578125 0.0859375 0.15234375 0.1640625
0 0.345703125 0.7265625 0.08984375 0.1171875
0 0.3359375 0.24609375 0.0625 0.0703125
0 0.548828125 0.13671875 0.08203125 0.09375
0 0.23828125 0.544921875 0.0546875 0.07421875
0 0.28125 0.603515625 0.0859375 0.04296875
0 0.134765625 0.48828125 0.03515625 0.046875
0 0.294921875 0.81640625 0.05078125 0.0390625
0 0.2578125 0.759765625 0.0390625 0.03515625
0 0.2890625 0.392578125 0.0625 0.07421875
0 0.18359375 0.376953125 0.0546875 0.05078125
0 0.408203125 0.17578125 0.09765625 0.0546875
