0 0.373046875 0.81640625 0.12890625 0.09375
0 0.287109375 0.6875 0.08984375 0.0546875
0 0.212890625 0.66015625 0.05078125 0.03125
0 0.259765625 0.345703125 0.08203125 0.08984375
0 0.466796875 0.29296875 0.16015625 0.375
0 0.51953125 0.541015625 0.0859375 0.10546875
0 0.36328125 0.564453125 0.0625 0.05078125
0 0.416015625 0.607421875 0.05078125 0.04296875
0 0.44140625 0.51953125 0.046875 0.0390625
0 0.732421875 0.849609375 0.13671875 0.07421875
0 0.685546875 0.232421875 0.05078125 0.05078125
0 0.576171875 0.072265625 0.16015625 0.10546875
0 0.595703125 0.447265625 0.05078125 0.03515625
