0 0.25 0.888671875 0.0625 0.05078125
0 0.33984375 0.890625 0.0546875 0.0546875
0 0.41015625 0.787109375 0.0703125 0.05078125
0 0.412109375 0.740234375 0.07421875 0.05078125
0 0.28125 0.685546875 0.0546875 0.05859375
0 0.162109375 0.6796875 0.11328125 0.1484375
0 0.21875 0.546875 0.0546875 0.0546875
0 0.1953125 0.490234375 0.109375 0.06640625
0 0.443359375 0.64453125 0.08203125 0.078125
0 0.3828125 0.55078125 0.0703125 0.1328125
0 0.826171875 0.18359375 0.10546875 0.1171875
0 0.84765625 0.296875 0.0546875 0.0703125
0 0.494140625 0.419921875 0.03515625 0.05078125
0 0.583984375 0.396484375 0.04296875 0.05078125
0 0.701171875 0.5390625 0.34765625 0.4296875
0 0.6875 0.376953125 0.0390625 0.04296875
