0 0.6023437500000001 0.521875 0.0890625 0.08125
0 0.80078125 0.59375 0.035937500000000004 0.037500000000000006
0 0.33046875000000003 0.603125 0.1203125 0.08750000000000001
0 0.5515625000000001 0.6429687500000001 0.043750000000000004 0.0390625
0 0.10234375000000001 0.5734375 0.1296875 0.134375
0 0.16171875000000002 0.51015625 0.0765625 0.0734375
0 0.27187500000000003 0.5171875 0.1125 0.12187500000000001
0 0.15703125 0.421875 0.0734375 0.078125
0 0.21484375 0.38906250000000003 0.0734375 0.046875
0 0.21875 0.29765625 0.037500000000000006 0.0390625
0 0.2890625 0.32890625 0.025 0.026562500000000003
0 0.31796875 0.390625 0.0921875 0.07187500000000001
