0 0.1921875 0.465625 0.09062500000000001 0.07187500000000001
0 0.39921875 0.6140625000000001 0.0765625 0.1
0 0.47734375 0.3171875 0.0703125 0.07500000000000001
0 0.48203125 0.21328125 0.1046875 0.0921875
0 0.57421875 0.3984375 0.1046875 0.07500000000000001
0 0.34453125 0.26328125 0.0578125 0.045312500000000006
0 0.328125 0.1921875 0.1 0.09062500000000001
0 0.47500000000000003 0.7156250000000001 0.043750000000000004 0.040625
0 0.6062500000000001 0.7820312500000001 0.225 0.30781250000000004
0 0.703125 0.6515625 0.065625 0.043750000000000004
