0 0.71015625 0.43515625 0.0890625 0.1046875
0 0.7351562500000001 0.209375 0.0421875 0.046875
0 0.7562500000000001 0.565625 0.184375 0.16562500000000002
0 0.95625 0.5437500000000001 0.08750000000000001 0.12187500000000001
0 0.90625 0.6000000000000001 0.09062500000000001 0.084375
0 0.8859375 0.690625 0.08750000000000001 0.09062500000000001
0 0.82734375 0.72421875 0.08281250000000001 0.060937500000000006
0 0.70703125 0.6890625 0.13593750000000002 0.1125
0 0.8093750000000001 0.8210937500000001 0.040625 0.0390625
0 0.7351562500000001 0.7734375 0.026562500000000003 0.03125
0 0.6671875 0.7835937500000001 0.034375 0.0421875
0 0.46015625000000004 0.7679687500000001 0.19843750000000002 0.22031250000000002
0 0.5484375 0.8210937500000001 0.10312500000000001 0.1265625
0 0.4 0.8718750000000001 0.046875 0.05
0 0.51015625 0.90234375 0.026562500000000003 0.0234375
0 0.40937500000000004 0.9703125 0.07500000000000001 0.059375000000000004
