3 0.37890625 0.31953125000000004 0.33906250000000004 0.3671875
3 0.4578125 0.49296875 0.078125 0.0921875
3 0.59375 0.53046875 0.065625 0.0578125
3 0.6625000000000001 0.603125 0.043750000000000004 0.046875
3 0.5281250000000001 0.58203125 0.084375 0.0765625
3 0.5515625000000001 0.6546875000000001 0.065625 0.065625
3 0.4078125 0.73828125 0.059375000000000004 0.060937500000000006
3 0.32890625 0.6046875 0.09531250000000001 0.09375
3 0.37265625 0.67734375 0.1390625 0.1234375
3 0.47500000000000003 0.74609375 0.06875 0.060937500000000006
3 0.52109375 0.8054687500000001 0.1171875 0.1265625
3 0.5046875000000001 0.5375 0.07187500000000001 0.059375000000000004
