0 0.69140625 0.63203125 0.0765625 0.0765625
0 0.65625 0.74921875 0.16875 0.21406250000000002
0 0.56015625 0.83984375 0.1546875 0.2078125
0 0.478125 0.5828125000000001 0.07500000000000001 0.059375000000000004
0 0.65234375 0.340625 0.22968750000000002 0.25
0 0.53359375 0.246875 0.045312500000000006 0.034375
0 0.6484375 0.1875 0.059375000000000004 0.046875
0 0.5671875000000001 0.13984375000000002 0.10312500000000001 0.1046875
0 0.4078125 0.38203125000000004 0.078125 0.06406250000000001
0 0.41718750000000004 0.22265625 0.2 0.2015625
0 0.49296875 0.36953125000000003 0.1015625 0.07968750000000001
