3 0.4375 0.7890625 0.28750000000000003 0.35000000000000003
3 0.44375000000000003 0.5625 0.0625 0.09062500000000001
3 0.5734375 0.4578125 0.065625 0.046875
3 0.6156250000000001 0.34687500000000004 0.037500000000000006 0.043750000000000004
3 0.478125 0.43359375 0.08125 0.06406250000000001
3 0.4703125 0.34218750000000003 0.059375000000000004 0.059375000000000004
3 0.2734375 0.31875000000000003 0.053125000000000006 0.05625
3 0.25 0.5007812500000001 0.08750000000000001 0.08281250000000001
3 0.26406250000000003 0.40156250000000004 0.1375 0.1
3 0.34296875000000004 0.27890625 0.0671875 0.051562500000000004
3 0.36640625000000004 0.1921875 0.09843750000000001 0.12187500000000001
3 0.4734375 0.4921875 0.07187500000000001 0.046875
