0 0.44375000000000003 0.5242187500000001 0.08750000000000001 0.07968750000000001
0 0.24765625000000002 0.45390625 0.035937500000000004 0.035937500000000004
0 0.7109375 0.4421875 0.11875000000000001 0.084375
0 0.49375 0.40390625 0.043750000000000004 0.0390625
0 0.9359375000000001 0.46953125 0.12812500000000002 0.1328125
0 0.87890625 0.5328125 0.0765625 0.07187500000000001
0 0.76953125 0.5265625 0.11093750000000001 0.11875000000000001
0 0.8835937500000001 0.6203125 0.0703125 0.078125
0 0.8265625000000001 0.6531250000000001 0.07187500000000001 0.046875
0 0.8234375 0.7421875 0.037500000000000006 0.037500000000000006
0 0.7546875000000001 0.7125 0.025 0.025
0 0.7250000000000001 0.6507812500000001 0.09062500000000001 0.0703125
