0 0.54453125 0.40546875000000004 0.035937500000000004 0.045312500000000006
0 0.6101562500000001 0.35234375 0.1953125 0.2703125
0 0.5859375 0.20078125000000002 0.05625 0.060937500000000006
0 0.5476562500000001 0.1796875 0.026562500000000003 0.028125
0 0.45859375 0.24375000000000002 0.09843750000000001 0.171875
0 0.51875 0.3359375 0.03125 0.03125
0 0.6125 0.16953125000000002 0.021875000000000002 0.0203125
0 0.43671875000000004 0.41953125 0.17343750000000002 0.1265625
0 0.41484375 0.48984375 0.060937500000000006 0.06406250000000001
0 0.3671875 0.52578125 0.040625 0.0390625
0 0.50546875 0.48750000000000004 0.09531250000000001 0.109375
0 0.34609375000000003 0.6234375000000001 0.08281250000000001 0.08125
0 0.28671875 0.6351562500000001 0.0484375 0.0484375
0 0.2265625 0.6390625000000001 0.034375 0.03125
0 0.2859375 0.6023437500000001 0.021875000000000002 0.0203125
0 0.46171875 0.5632812500000001 0.029687500000000002 0.0328125
0 0.7507812500000001 0.48281250000000003 0.045312500000000006 0.07187500000000001
0 0.7984375 0.46171875 0.028125 0.029687500000000002
0 0.82578125 0.39375000000000004 0.22031250000000002 0.203125
0 0.8132812500000001 0.278125 0.035937500000000004 0.037500000000000006
