0 0.44765625000000003 0.45234375000000004 0.1859375 0.1453125
0 0.55859375 0.28203125 0.0328125 0.035937500000000004
0 0.45625000000000004 0.3453125 0.10625000000000001 0.11875000000000001
0 0.38984375000000004 0.40625 0.0703125 0.065625
0 0.32578125 0.41328125000000004 0.0421875 0.045312500000000006
0 0.209375 0.40468750000000003 0.025 0.028125
0 0.240625 0.34921875 0.08750000000000001 0.0890625
0 0.375 0.31875000000000003 0.021875000000000002 0.021875000000000002
0 0.18046875 0.37031250000000004 0.045312500000000006 0.037500000000000006
0 0.13046875 0.42109375000000004 0.035937500000000004 0.029687500000000002
0 0.6937500000000001 0.61640625 0.08125 0.0921875
0 0.7078125000000001 0.83359375 0.043750000000000004 0.035937500000000004
