0 0.384375 0.28750000000000003 0.05625 0.059375000000000004
0 0.41640625000000003 0.39296875000000003 0.0421875 0.045312500000000006
0 0.6468750000000001 0.44296875 0.03125 0.0328125
0 0.26406250000000003 0.521875 0.146875 0.12812500000000002
0 0.28671875 0.44062500000000004 0.045312500000000006 0.06875
0 0.09921875000000001 0.48984375 0.035937500000000004 0.0328125
0 0.515625 0.5906250000000001 0.034375 0.034375
0 0.45703125 0.6828125 0.0421875 0.043750000000000004
0 0.51171875 0.7640625000000001 0.035937500000000004 0.040625
0 0.57421875 0.8093750000000001 0.0546875 0.053125000000000006
0 0.68125 0.75390625 0.1 0.09531250000000001
0 0.6468750000000001 0.6515625 0.0625 0.06875
0 0.41484375 0.64765625 0.0234375 0.026562500000000003
0 0.21953125 0.8460937500000001 0.0703125 0.0671875
0 0.20390625 0.77109375 0.045312500000000006 0.0546875
