0 0.2515625 0.38593750000000004 0.040625 0.040625
0 0.25625000000000003 0.33671875 0.025 0.035937500000000004
0 0.3296875 0.41953125 0.034375 0.035937500000000004
0 0.30546875 0.48828125 0.051562500000000004 0.06406250000000001
0 0.33906250000000004 0.6335937500000001 0.03125 0.0390625
0 0.47421875 0.6546875000000001 0.0234375 0.021875000000000002
0 0.4609375 0.6921875000000001 0.021875000000000002 0.025
0 0.3640625 0.79609375 0.040625 0.045312500000000006
0 0.44843750000000004 0.8046875 0.125 0.125
0 0.5578125 0.6296875000000001 0.028125 0.07187500000000001
0 0.57421875 0.7039062500000001 0.026562500000000003 0.0578125
0 0.6375000000000001 0.64375 0.1 0.15625
0 0.55078125 0.50625 0.0765625 0.05625
0 0.68125 0.38828125 0.025 0.029687500000000002
