0 0.4921875 0.45 0.046875 0.043750000000000004
0 0.6117187500000001 0.45156250000000003 0.0390625 0.028125
0 0.37421875000000004 0.6453125000000001 0.0765625 0.028125
0 0.4390625 0.659375 0.034375 0.037500000000000006
0 0.43281250000000004 0.73203125 0.053125000000000006 0.0421875
0 0.478125 0.7562500000000001 0.037500000000000006 0.028125
0 0.5085937500000001 0.53359375 0.045312500000000006 0.051562500000000004
0 0.4703125 0.38046875 0.040625 0.06406250000000001
0 0.3453125 0.36171875000000003 0.040625 0.0421875
0 0.32265625000000003 0.45156250000000003 0.0421875 0.034375
0 0.5359375000000001 0.36796875 0.05625 0.0546875
0 0.55234375 0.21250000000000002 0.1390625 0.10625000000000001
0 0.51484375 0.30078125 0.06406250000000001 0.0765625
0 0.5867187500000001 0.29531250000000003 0.0703125 0.053125000000000006
