0 0.37578125 0.23359375000000002 0.0703125 0.1265625
0 0.43203125000000003 0.19687500000000002 0.045312500000000006 0.0625
0 0.42734375 0.1375 0.0390625 0.053125000000000006
0 0.20625000000000002 0.2421875 0.037500000000000006 0.03125
0 0.39687500000000003 0.39921875 0.05 0.06406250000000001
0 0.63984375 0.43046875 0.0859375 0.0890625
0 0.90625 0.41015625 0.059375000000000004 0.060937500000000006
0 0.75703125 0.29375 0.0890625 0.05625
0 0.40625 0.52265625 0.05625 0.06406250000000001
0 0.5242187500000001 0.52578125 0.0328125 0.045312500000000006
0 0.5984375000000001 0.5921875 0.046875 0.078125
0 0.6890625 0.6890625 0.065625 0.1
0 0.6273437500000001 0.7546875000000001 0.0890625 0.096875
0 0.578125 0.80390625 0.11875000000000001 0.1015625
0 0.4546875 0.70859375 0.059375000000000004 0.0765625
0 0.39687500000000003 0.6062500000000001 0.05625 0.078125
0 0.40937500000000004 0.7914062500000001 0.109375 0.1921875
0 0.3046875 0.67890625 0.17500000000000002 0.3296875
