3 0.6101562500000001 0.8851562500000001 0.0546875 0.051562500000000004
3 0.596875 0.78828125 0.1375 0.0859375
3 0.45859375 0.6335937500000001 0.23593750000000002 0.2109375
3 0.6781250000000001 0.64765625 0.203125 0.09531250000000001
3 0.19765625 0.51953125 0.1546875 0.1390625
3 0.26328125 0.67109375 0.1484375 0.1203125
3 0.49140625000000004 0.46171875 0.0765625 0.0921875
3 0.30625 0.2921875 0.078125 0.115625
3 0.384375 0.32343750000000004 0.06875 0.078125
3 0.3296875 0.37812500000000004 0.021875000000000002 0.025
3 0.4 0.43515625 0.09375 0.1265625
