3 0.4890625 0.25078125 0.15000000000000002 0.1265625
3 0.5625 0.30703125000000003 0.05625 0.060937500000000006
3 0.55234375 0.37109375 0.060937500000000006 0.0765625
3 0.5 0.53515625 0.06875 0.051562500000000004
3 0.5640625 0.56796875 0.059375000000000004 0.0578125
3 0.3359375 0.48359375000000004 0.19375 0.18281250000000002
3 0.42500000000000004 0.58984375 0.059375000000000004 0.0484375
3 0.48046875 0.6195312500000001 0.0328125 0.0328125
3 0.48203125 0.70625 0.13593750000000002 0.134375
3 0.72265625 0.46484375 0.24531250000000002 0.23593750000000002
3 0.6781250000000001 0.309375 0.10312500000000001 0.084375
