3 0.61875 0.16718750000000002 0.05 0.046875
3 0.6078125000000001 0.25625000000000003 0.12812500000000002 0.08125
3 0.48281250000000003 0.4 0.21875 0.19687500000000002
3 0.6843750000000001 0.384375 0.1875 0.09062500000000001
3 0.24453125 0.5085937500000001 0.1453125 0.1296875
3 0.30312500000000003 0.36875 0.1375 0.1125
3 0.515625 0.55859375 0.07187500000000001 0.0859375
3 0.34765625 0.71640625 0.0734375 0.1078125
3 0.41953125 0.68671875 0.06406250000000001 0.0734375
3 0.36796875 0.63671875 0.0203125 0.0234375
3 0.43125 0.58359375 0.08750000000000001 0.1171875
