0 0.37812500000000004 0.8148437500000001 0.1125 0.1046875
0 0.4390625 0.7664062500000001 0.040625 0.060937500000000006
0 0.38984375000000004 0.7250000000000001 0.0328125 0.07187500000000001
0 0.43671875000000004 0.696875 0.0578125 0.043750000000000004
0 0.48046875 0.7039062500000001 0.029687500000000002 0.0390625
0 0.44921875 0.59765625 0.045312500000000006 0.0421875
0 0.39609375 0.64375 0.0484375 0.05
0 0.28984375 0.5906250000000001 0.051562500000000004 0.025
0 0.38125000000000003 0.415625 0.07187500000000001 0.028125
0 0.44921875 0.4 0.0328125 0.03125
0 0.43203125000000003 0.33046875000000003 0.0421875 0.029687500000000002
0 0.4703125 0.309375 0.03125 0.021875000000000002
0 0.5609375 0.5234375 0.07500000000000001 0.053125000000000006
0 0.6414062500000001 0.63828125 0.0859375 0.13593750000000002
0 0.5703125 0.6312500000000001 0.043750000000000004 0.065625
0 0.58359375 0.6976562500000001 0.0328125 0.051562500000000004
