3 0.22031250000000002 0.52265625 0.11875000000000001 0.1015625
3 0.26875 0.43593750000000003 0.078125 0.053125000000000006
3 0.35000000000000003 0.596875 0.053125000000000006 0.046875
3 0.31640625 0.6875 0.1765625 0.1375
3 0.47890625000000003 0.734375 0.051562500000000004 0.0625
3 0.340625 0.8078125 0.053125000000000006 0.065625
3 0.40234375 0.8445312500000001 0.051562500000000004 0.06406250000000001
3 0.5164062500000001 0.8375 0.1765625 0.153125
3 0.35468750000000004 0.47187500000000004 0.037500000000000006 0.037500000000000006
3 0.43593750000000003 0.55 0.043750000000000004 0.07500000000000001
3 0.46796875000000004 0.45937500000000003 0.0765625 0.10312500000000001
3 0.58203125 0.565625 0.0484375 0.03125
