3 0.5554687500000001 0.2546875 0.13593750000000002 0.1
3 0.42812500000000003 0.24453125 0.1375 0.1234375
3 0.50703125 0.3375 0.035937500000000004 0.037500000000000006
3 0.5859375 0.49609375 0.059375000000000004 0.0921875
3 0.64765625 0.44609375 0.060937500000000006 0.0890625
3 0.6585937500000001 0.51171875 0.035937500000000004 0.045312500000000006
3 0.63984375 0.5734375 0.0328125 0.034375
3 0.6359375 0.37812500000000004 0.046875 0.0625
3 0.45937500000000003 0.48750000000000004 0.240625 0.29375
3 0.6648437500000001 0.253125 0.045312500000000006 0.040625
