3 0.70234375 0.7625000000000001 0.1546875 0.12812500000000002
3 0.81171875 0.6726562500000001 0.1640625 0.1546875
3 0.67734375 0.6585937500000001 0.045312500000000006 0.045312500000000006
3 0.49375 0.5921875 0.08125 0.10312500000000001
3 0.48125 0.6796875 0.08125 0.1
3 0.42265625 0.6351562500000001 0.045312500000000006 0.051562500000000004
3 0.390625 0.57265625 0.040625 0.0421875
3 0.54296875 0.72578125 0.060937500000000006 0.0703125
3 0.6000000000000001 0.5015625 0.30312500000000003 0.340625
3 0.61640625 0.846875 0.051562500000000004 0.05
