0 0.28671875 0.8304687500000001 0.0703125 0.1484375
0 0.34921875 0.88203125 0.0484375 0.0703125
0 0.3359375 0.953125 0.040625 0.059375000000000004
0 0.08203125 0.7992187500000001 0.0421875 0.0328125
0 0.3328125 0.6328125 0.053125000000000006 0.07187500000000001
0 0.63046875 0.6257812500000001 0.09531250000000001 0.09843750000000001
0 0.9500000000000001 0.68515625 0.065625 0.0671875
0 0.7546875000000001 0.80625 0.10312500000000001 0.059375000000000004
0 0.35859375000000004 0.484375 0.060937500000000006 0.07187500000000001
0 0.5015625 0.49609375 0.034375 0.051562500000000004
0 0.60078125 0.42500000000000004 0.0484375 0.09062500000000001
0 0.72265625 0.3203125 0.0671875 0.115625
0 0.65546875 0.23359375000000002 0.09843750000000001 0.1078125
0 0.603125 0.16718750000000002 0.134375 0.109375
0 0.44140625 0.2671875 0.06406250000000001 0.08750000000000001
0 0.35781250000000003 0.38359375 0.059375000000000004 0.0890625
0 0.39687500000000003 0.16171875000000002 0.109375 0.2234375
0 0.25625000000000003 0.28359375000000003 0.17500000000000002 0.38593750000000004
