3 0.5515625000000001 0.8203125 0.146875 0.08125
3 0.70234375 0.7890625 0.1390625 0.115625
3 0.58046875 0.70859375 0.035937500000000004 0.035937500000000004
3 0.43671875000000004 0.55234375 0.045312500000000006 0.1015625
3 0.38203125000000004 0.6296875000000001 0.0484375 0.096875
3 0.34687500000000004 0.5578125 0.03125 0.046875
3 0.3484375 0.48125 0.03125 0.034375
3 0.41796875 0.7046875 0.0390625 0.065625
3 0.58515625 0.51875 0.2109375 0.30625
3 0.4265625 0.85859375 0.043750000000000004 0.0390625
