0 0.7820312500000001 0.7609375 0.09531250000000001 0.14375000000000002
0 0.73984375 0.8187500000000001 0.0578125 0.07187500000000001
0 0.7664062500000001 0.8773437500000001 0.0484375 0.060937500000000006
0 0.9515625000000001 0.6875 0.043750000000000004 0.037500000000000006
0 0.696875 0.6000000000000001 0.0625 0.07500000000000001
0 0.43828125 0.6609375000000001 0.1046875 0.10625000000000001
0 0.17500000000000002 0.784375 0.07187500000000001 0.07187500000000001
0 0.371875 0.8453125 0.10312500000000001 0.07500000000000001
0 0.6414062500000001 0.47734375 0.0703125 0.0765625
0 0.5203125000000001 0.51953125 0.040625 0.051562500000000004
0 0.41875 0.48046875 0.0625 0.0890625
0 0.2890625 0.41718750000000004 0.084375 0.115625
0 0.328125 0.32656250000000003 0.109375 0.115625
0 0.35781250000000003 0.2578125 0.140625 0.125
0 0.5203125000000001 0.30781250000000004 0.07500000000000001 0.09062500000000001
0 0.6195312500000001 0.38984375000000004 0.0703125 0.0890625
0 0.53515625 0.20703125 0.1453125 0.2171875
0 0.68515625 0.28046875 0.2390625 0.37343750000000003
