0 0.6203125 0.2546875 0.13125 0.109375
0 0.40078125000000003 0.18046875 0.1546875 0.11406250000000001
0 0.28984375 0.18046875 0.0859375 0.0859375
0 0.775 0.540625 0.15625 0.11875000000000001
0 0.5578125 0.54296875 0.10625000000000001 0.1046875
0 0.52265625 0.6570312500000001 0.0390625 0.0328125
0 0.5265625 0.78046875 0.115625 0.1421875
0 0.6804687500000001 0.7234375000000001 0.060937500000000006 0.0625
0 0.8250000000000001 0.73203125 0.040625 0.035937500000000004
0 0.61484375 0.82578125 0.035937500000000004 0.035937500000000004
0 0.61328125 0.8757812500000001 0.0421875 0.0421875
0 0.7015625000000001 0.77734375 0.03125 0.0390625
0 0.55625 0.8929687500000001 0.028125 0.0234375
0 0.625 0.9242187500000001 0.03125 0.026562500000000003
0 0.728125 0.6273437500000001 0.028125 0.026562500000000003
