0 0.35390625000000003 0.4921875 0.1015625 0.13125
0 0.55625 0.62265625 0.03125 0.029687500000000002
0 0.8054687500000001 0.59765625 0.1859375 0.09843750000000001
0 0.61484375 0.403125 0.0921875 0.0625
0 0.45 0.3375 0.03125 0.037500000000000006
0 0.40937500000000004 0.24375000000000002 0.043750000000000004 0.03125
0 0.4078125 0.15937500000000002 0.05 0.034375
0 0.5320312500000001 0.10312500000000001 0.0703125 0.09375
0 0.5906250000000001 0.19062500000000002 0.040625 0.025
0 0.5640625 0.34687500000000004 0.03125 0.037500000000000006
