0 0.3875 0.5125000000000001 0.109375 0.13125
0 0.5890625 0.41718750000000004 0.03125 0.03125
0 0.8140625 0.46953125 0.18125000000000002 0.11093750000000001
0 0.61640625 0.625 0.0921875 0.06875
0 0.45703125 0.665625 0.0328125 0.037500000000000006
0 0.40937500000000004 0.7468750000000001 0.043750000000000004 0.034375
0 0.3984375 0.8234375 0.05 0.037500000000000006
0 0.5046875000000001 0.88984375 0.07500000000000001 0.09531250000000001
0 0.56875 0.8171875000000001 0.040625 0.028125
0 0.5632812500000001 0.6703125000000001 0.0328125 0.037500000000000006
