0 0.6039062500000001 0.76328125 0.1171875 0.09531250000000001
0 0.40703125 0.82421875 0.13593750000000002 0.09843750000000001
0 0.309375 0.8210937500000001 0.07500000000000001 0.0765625
0 0.7468750000000001 0.51171875 0.1375 0.1015625
0 0.5546875 0.50546875 0.09375 0.0921875
0 0.52578125 0.403125 0.0328125 0.028125
0 0.53125 0.29375 0.1 0.125
0 0.6671875 0.3484375 0.053125000000000006 0.053125000000000006
0 0.7953125000000001 0.34375 0.034375 0.03125
0 0.6109375 0.25625000000000003 0.03125 0.03125
0 0.6109375 0.2109375 0.037500000000000006 0.037500000000000006
0 0.68671875 0.3015625 0.026562500000000003 0.034375
0 0.5609375 0.19453125000000002 0.025 0.0203125
0 0.62265625 0.16875 0.026562500000000003 0.025
0 0.70703125 0.434375 0.0234375 0.025
