0 0.8148437500000001 0.38046875 0.051562500000000004 0.060937500000000006
0 0.78828125 0.42421875000000003 0.0171875 0.0328125
0 0.72578125 0.43671875000000004 0.1234375 0.0734375
0 0.5984375000000001 0.38359375 0.07187500000000001 0.0734375
0 0.6234375000000001 0.31640625 0.021875000000000002 0.029687500000000002
0 0.77890625 0.26406250000000003 0.0171875 0.025
0 0.734375 0.25390625 0.018750000000000003 0.0171875
0 0.7171875000000001 0.2734375 0.018750000000000003 0.018750000000000003
0 0.521875 0.50390625 0.03125 0.0421875
0 0.45390625 0.42890625000000004 0.0859375 0.0421875
0 0.41875 0.39140625 0.025 0.0203125
0 0.40390625 0.46328125000000003 0.029687500000000002 0.026562500000000003
0 0.403125 0.5046875000000001 0.037500000000000006 0.028125
0 0.46328125000000003 0.5296875 0.0234375 0.018750000000000003
0 0.54453125 0.60859375 0.1703125 0.1703125
