0 0.659375 0.796875 0.0625 0.084375
0 0.70859375 0.6859375000000001 0.0734375 0.10312500000000001
0 0.69921875 0.74921875 0.035937500000000004 0.0390625
0 0.6023437500000001 0.734375 0.026562500000000003 0.028125
0 0.5234375 0.81171875 0.025 0.026562500000000003
0 0.5015625 0.7421875 0.025 0.03125
0 0.5078125 0.62421875 0.037500000000000006 0.026562500000000003
0 0.55078125 0.5671875000000001 0.0421875 0.059375000000000004
0 0.73359375 0.62890625 0.2890625 0.2109375
0 0.93515625 0.603125 0.060937500000000006 0.065625
0 0.9265625000000001 0.48984375 0.028125 0.0328125
0 0.80625 0.49140625000000004 0.037500000000000006 0.0484375
0 0.75703125 0.46640625 0.035937500000000004 0.0484375
0 0.7453125 0.40703125 0.078125 0.0703125
0 0.5906250000000001 0.42031250000000003 0.065625 0.053125000000000006
0 0.5640625 0.359375 0.046875 0.053125000000000006
0 0.46406250000000004 0.4140625 0.10312500000000001 0.07500000000000001
0 0.42578125 0.36015625 0.0390625 0.029687500000000002
0 0.43515625 0.31171875000000004 0.0484375 0.045312500000000006
0 0.5085937500000001 0.30781250000000004 0.035937500000000004 0.03125
0 0.6421875 0.25546875 0.215625 0.2328125
