0 0.496875 0.64375 0.034375 0.040625
0 0.565625 0.57734375 0.140625 0.1296875
0 0.56796875 0.51953125 0.026562500000000003 0.026562500000000003
0 0.52265625 0.509375 0.060937500000000006 0.0625
0 0.5398437500000001 0.44843750000000004 0.035937500000000004 0.040625
0 0.55 0.41015625 0.09062500000000001 0.0734375
0 0.6234375000000001 0.43593750000000003 0.06875 0.07187500000000001
0 0.73984375 0.42578125 0.2703125 0.2109375
0 0.12734375 0.46953125 0.09531250000000001 0.1046875
0 0.09531250000000001 0.53125 0.07500000000000001 0.08750000000000001
0 0.14140625 0.6171875 0.0859375 0.1
0 0.20390625 0.6507812500000001 0.0421875 0.0390625
0 0.3375 0.571875 0.33125000000000004 0.30625
0 0.34609375000000003 0.39453125 0.1015625 0.1203125
0 0.23671875 0.45234375000000004 0.08281250000000001 0.0921875
0 0.29140625000000003 0.41875 0.060937500000000006 0.065625
0 0.22578125000000002 0.37109375 0.051562500000000004 0.060937500000000006
