0 0.6046875 0.59609375 0.025 0.0328125
0 0.5203125000000001 0.58359375 0.109375 0.0921875
0 0.48828125 0.5437500000000001 0.0203125 0.018750000000000003
0 0.51484375 0.51328125 0.045312500000000006 0.045312500000000006
0 0.47187500000000004 0.478125 0.025 0.03125
0 0.44453125000000004 0.45625000000000004 0.0765625 0.046875
0 0.40546875000000004 0.5125000000000001 0.0484375 0.05625
0 0.31640625 0.565625 0.22968750000000002 0.13125
0 0.7781250000000001 0.28046875 0.065625 0.08281250000000001
0 0.8328125000000001 0.30781250000000004 0.05 0.07187500000000001
0 0.8445312500000001 0.39296875000000003 0.0578125 0.08281250000000001
0 0.8171875000000001 0.45 0.034375 0.028125
0 0.68125 0.46171875 0.259375 0.2171875
0 0.5828125000000001 0.33984375 0.065625 0.09843750000000001
0 0.690625 0.32421875 0.05625 0.0734375
0 0.634375 0.32890625 0.043750000000000004 0.051562500000000004
0 0.6570312500000001 0.2609375 0.035937500000000004 0.05
