0 0.36875 0.73046875 0.096875 0.1265625
0 0.2734375 0.83984375 0.018750000000000003 0.029687500000000002
0 0.3484375 0.6039062500000001 0.1375 0.1640625
0 0.66015625 0.278125 0.0328125 0.043750000000000004
0 0.6125 0.29375 0.040625 0.040625
0 0.65546875 0.43828125 0.06406250000000001 0.0921875
0 0.48515625 0.31171875000000004 0.0234375 0.0234375
0 0.3984375 0.34687500000000004 0.1125 0.09375
0 0.40468750000000003 0.41953125 0.043750000000000004 0.045312500000000006
0 0.36875 0.46406250000000004 0.025 0.034375
0 0.34140625 0.5007812500000001 0.0859375 0.0421875
0 0.28984375 0.44453125000000004 0.0546875 0.0546875
0 0.184375 0.41484375 0.240625 0.1171875
