0 0.9007812500000001 0.65234375 0.051562500000000004 0.0765625
0 0.8539062500000001 0.6898437500000001 0.060937500000000006 0.0890625
0 0.81640625 0.6140625000000001 0.045312500000000006 0.040625
0 0.9015625 0.5632812500000001 0.034375 0.0765625
0 0.84296875 0.5109375 0.0328125 0.025
0 0.7015625000000001 0.53828125 0.26875 0.2265625
0 0.6171875 0.69453125 0.1 0.11406250000000001
0 0.7562500000000001 0.6687500000000001 0.037500000000000006 0.053125000000000006
0 0.73984375 0.6976562500000001 0.026562500000000003 0.026562500000000003
0 0.7359375 0.7507812500000001 0.046875 0.0578125
0 0.6921875000000001 0.68671875 0.05 0.0546875
0 0.48046875 0.4 0.2171875 0.15625
0 0.45234375000000004 0.28515625 0.045312500000000006 0.06406250000000001
0 0.47109375000000003 0.15703125 0.026562500000000003 0.026562500000000003
