0 0.41718750000000004 0.6125 0.059375000000000004 0.059375000000000004
0 0.56953125 0.74765625 0.3515625 0.3796875
0 0.40078125000000003 0.45078125 0.026562500000000003 0.029687500000000002
0 0.71875 0.5359375000000001 0.178125 0.13125
0 0.8671875 0.55 0.10625000000000001 0.09062500000000001
0 0.93125 0.49375 0.040625 0.037500000000000006
0 0.84140625 0.42578125 0.0859375 0.0734375
0 0.74921875 0.44375000000000003 0.0390625 0.037500000000000006
0 0.44062500000000004 0.16953125000000002 0.10625000000000001 0.1171875
0 0.29609375 0.07734375 0.045312500000000006 0.0484375
