0 0.7562500000000001 0.7859375000000001 0.09062500000000001 0.096875
0 0.6515625 0.73984375 0.053125000000000006 0.0484375
0 0.53515625 0.5125000000000001 0.1203125 0.08750000000000001
0 0.565625 0.6062500000000001 0.028125 0.025
0 0.6117187500000001 0.5359375000000001 0.035937500000000004 0.034375
0 0.71796875 0.421875 0.23593750000000002 0.225
0 0.6937500000000001 0.0890625 0.043750000000000004 0.03125
0 0.65 0.10546875 0.046875 0.0390625
0 0.5359375000000001 0.2671875 0.08750000000000001 0.13125
0 0.259375 0.33437500000000003 0.275 0.215625
