0 0.36015625 0.23593750000000002 0.0734375 0.08125
0 0.446875 0.2984375 0.043750000000000004 0.040625
0 0.5085937500000001 0.5296875 0.1078125 0.065625
0 0.49921875000000004 0.43828125 0.0234375 0.0203125
0 0.44375000000000003 0.4921875 0.028125 0.028125
0 0.32421875 0.57734375 0.19843750000000002 0.18281250000000002
0 0.28203125 0.88671875 0.0390625 0.0234375
0 0.32578125 0.88046875 0.0390625 0.029687500000000002
0 0.4609375 0.75390625 0.0625 0.1203125
0 0.7273437500000001 0.74609375 0.2421875 0.1640625
