0 0.8500000000000001 0.30234375 0.046875 0.0484375
0 0.7976562500000001 0.30859375 0.035937500000000004 0.051562500000000004
0 0.7578125 0.31171875000000004 0.043750000000000004 0.026562500000000003
0 0.703125 0.33515625000000004 0.043750000000000004 0.035937500000000004
0 0.64375 0.33437500000000003 0.059375000000000004 0.065625
0 0.6882812500000001 0.28671875 0.035937500000000004 0.029687500000000002
0 0.36328125 0.44765625000000003 0.1296875 0.0734375
0 0.675 0.48203125 0.021875000000000002 0.035937500000000004
0 0.5890625 0.5375 0.040625 0.025
0 0.5515625000000001 0.634375 0.059375000000000004 0.09062500000000001
0 0.48203125 0.7296875 0.1015625 0.12812500000000002
0 0.46406250000000004 0.83359375 0.05 0.07968750000000001
0 0.403125 0.7453125 0.059375000000000004 0.06875
0 0.43046875 0.6703125000000001 0.0546875 0.053125000000000006
0 0.35546875 0.66328125 0.2734375 0.3328125
