0 0.15937500000000002 0.80078125 0.05625 0.060937500000000006
0 0.21875 0.7898437500000001 0.043750000000000004 0.060937500000000006
0 0.26484375 0.7828125 0.051562500000000004 0.034375
0 0.32656250000000003 0.753125 0.053125000000000006 0.043750000000000004
0 0.39609375 0.74921875 0.0734375 0.07968750000000001
0 0.34765625 0.8078125 0.0421875 0.037500000000000006
0 0.7117187500000001 0.5984375000000001 0.1546875 0.09375
0 0.35000000000000003 0.5796875 0.028125 0.043750000000000004
0 0.44453125000000004 0.509375 0.0484375 0.03125
0 0.48203125 0.39609375 0.0734375 0.1078125
0 0.5554687500000001 0.28046875 0.1265625 0.1546875
0 0.56796875 0.15859375 0.06406250000000001 0.09531250000000001
0 0.6453125000000001 0.25703125 0.07500000000000001 0.08281250000000001
0 0.6195312500000001 0.34609375000000003 0.0671875 0.06406250000000001
0 0.70625 0.34921875 0.3375 0.40156250000000004
