0 0.296875 0.7578125 0.23750000000000002 0.146875
0 0.484375 0.63828125 0.109375 0.20468750000000002
0 0.47500000000000003 0.49531250000000004 0.1 0.078125
0 0.31562500000000004 0.50546875 0.05625 0.0484375
0 0.32656250000000003 0.62421875 0.046875 0.0390625
0 0.37890625 0.62421875 0.0390625 0.0484375
0 0.28671875 0.584375 0.029687500000000002 0.034375
0 0.16640625 0.6171875 0.029687500000000002 0.034375
0 0.375 0.26640625 0.025 0.0328125
0 0.5007812500000001 0.20390625 0.1046875 0.1203125
0 0.5632812500000001 0.17890625000000002 0.0234375 0.0328125
0 0.5765625 0.36875 0.034375 0.037500000000000006
0 0.51953125 0.39296875000000003 0.0390625 0.060937500000000006
0 0.6937500000000001 0.296875 0.16875 0.15000000000000002
0 0.26875 0.44843750000000004 0.043750000000000004 0.040625
