0 0.775 0.5007812500000001 0.053125000000000006 0.0421875
0 0.7609375 0.73359375 0.07500000000000001 0.0484375
0 0.47421875 0.62890625 0.029687500000000002 0.029687500000000002
0 0.48828125 0.68671875 0.026562500000000003 0.029687500000000002
0 0.46640625 0.6859375000000001 0.0234375 0.028125
0 0.4265625 0.68125 0.025 0.028125
0 0.4453125 0.30390625000000004 0.028125 0.0390625
0 0.5265625 0.24765625000000002 0.028125 0.0328125
0 0.496875 0.25625000000000003 0.025 0.034375
0 0.46718750000000003 0.21328125 0.034375 0.051562500000000004
