0 0.12734375 0.421875 0.0859375 0.07500000000000001
0 0.29296875 0.3921875 0.1421875 0.1125
0 0.25625000000000003 0.33437500000000003 0.059375000000000004 0.05625
0 0.76875 0.26171875 0.05625 0.051562500000000004
0 0.6898437500000001 0.47109375000000003 0.1015625 0.0890625
0 0.74765625 0.6734375 0.0734375 0.07187500000000001
0 0.43046875 0.5375 0.0671875 0.06875
0 0.253125 0.6156250000000001 0.13125 0.096875
0 0.4890625 0.703125 0.0625 0.043750000000000004
0 0.80234375 0.515625 0.0484375 0.043750000000000004
