0 0.7156250000000001 0.77265625 0.059375000000000004 0.051562500000000004
0 0.6890625 0.815625 0.0625 0.07500000000000001
0 0.38515625000000003 0.67109375 0.1484375 0.1390625
0 0.30625 0.7171875000000001 0.05625 0.059375000000000004
0 0.32890625 0.5359375000000001 0.0859375 0.09062500000000001
0 0.40625 0.42421875000000003 0.146875 0.1484375
0 0.4140625 0.30625 0.096875 0.096875
0 0.5890625 0.49062500000000003 0.06875 0.07187500000000001
0 0.5625 0.55703125 0.065625 0.06406250000000001
0 0.69140625 0.5546875 0.1859375 0.1625
0 0.80625 0.55390625 0.034375 0.0390625
0 0.80390625 0.5945312500000001 0.08281250000000001 0.0734375
