0 0.7453125 0.77734375 0.10312500000000001 0.1296875
0 0.7093750000000001 0.70703125 0.046875 0.0421875
0 0.6453125000000001 0.7046875 0.034375 0.034375
0 0.5242187500000001 0.7359375 0.1265625 0.12812500000000002
0 0.35078125000000004 0.70078125 0.2765625 0.2421875
0 0.5703125 0.6179687500000001 0.0625 0.060937500000000006
0 0.628125 0.39609375 0.078125 0.0859375
0 0.48203125 0.43203125000000003 0.0421875 0.0390625
0 0.4734375 0.39296875000000003 0.037500000000000006 0.0390625
0 0.9265625000000001 0.5125000000000001 0.09375 0.09062500000000001
0 0.9234375 0.46640625 0.040625 0.0328125
0 0.7976562500000001 0.478125 0.1859375 0.184375
0 0.6804687500000001 0.44765625000000003 0.0328125 0.0390625
0 0.7039062500000001 0.58046875 0.0546875 0.0421875
