0 0.66171875 0.17578125 0.0734375 0.0734375
0 0.5710937500000001 0.328125 0.13593750000000002 0.134375
0 0.50703125 0.24453125 0.0734375 0.060937500000000006
0 0.44296875 0.3203125 0.1234375 0.15000000000000002
0 0.29453125 0.31484375000000003 0.0421875 0.035937500000000004
0 0.54296875 0.41171875 0.08281250000000001 0.0921875
0 0.6101562500000001 0.65546875 0.2671875 0.3765625
0 0.6960937500000001 0.56796875 0.0890625 0.1046875
0 0.7210937500000001 0.41640625000000003 0.045312500000000006 0.051562500000000004
0 0.6726562500000001 0.22109375 0.026562500000000003 0.026562500000000003
