0 0.3640625 0.3296875 0.09062500000000001 0.21875
0 0.403125 0.22421875000000002 0.037500000000000006 0.051562500000000004
0 0.47578125000000004 0.26406250000000003 0.11406250000000001 0.08750000000000001
0 0.50703125 0.31875000000000003 0.0234375 0.025
0 0.7000000000000001 0.4421875 0.07187500000000001 0.09062500000000001
0 0.7210937500000001 0.578125 0.1171875 0.1
0 0.81015625 0.56484375 0.0421875 0.060937500000000006
0 0.7546875000000001 0.50703125 0.025 0.035937500000000004
0 0.54296875 0.58203125 0.0234375 0.0328125
0 0.4453125 0.5320312500000001 0.1375 0.11406250000000001
0 0.35703125 0.46640625 0.035937500000000004 0.0328125
0 0.4734375 0.62421875 0.11875000000000001 0.0859375
0 0.51015625 0.68125 0.0578125 0.046875
0 0.33359375 0.70625 0.0734375 0.059375000000000004
0 0.34375 0.665625 0.025 0.021875000000000002
