0 0.66953125 0.634375 0.09531250000000001 0.203125
0 0.6156250000000001 0.45 0.07187500000000001 0.043750000000000004
0 0.45546875000000003 0.421875 0.0546875 0.046875
0 0.46406250000000004 0.48125 0.034375 0.025
0 0.36250000000000004 0.3671875 0.028125 0.034375
0 0.37109375 0.32109375 0.0578125 0.0421875
0 0.43046875 0.30859375 0.0421875 0.045312500000000006
0 0.5578125 0.29296875 0.21875 0.20468750000000002
0 0.23046875 0.22812500000000002 0.2546875 0.153125
0 0.2078125 0.38203125000000004 0.028125 0.0390625
0 0.46484375 0.63828125 0.029687500000000002 0.026562500000000003
0 0.4 0.26171875 0.028125 0.026562500000000003
