0 0.27109375 0.25546875 0.18281250000000002 0.15781250000000002
0 0.434375 0.22421875000000002 0.065625 0.060937500000000006
0 0.521875 0.203125 0.065625 0.065625
0 0.39765625000000004 0.057031250000000006 0.1328125 0.11093750000000001
0 0.3015625 0.0625 0.10312500000000001 0.12187500000000001
0 0.49375 0.29140625000000003 0.1125 0.0859375
0 0.44609375 0.3953125 0.0546875 0.05625
0 0.28203125 0.42734375 0.1203125 0.1078125
0 0.21171875 0.35468750000000004 0.051562500000000004 0.043750000000000004
0 0.38984375000000004 0.553125 0.0578125 0.065625
0 0.16171875000000002 0.5890625 0.029687500000000002 0.028125
0 0.4703125 0.521875 0.134375 0.12187500000000001
0 0.5789062500000001 0.5796875 0.0328125 0.034375
0 0.67734375 0.42890625000000004 0.035937500000000004 0.0421875
0 0.6984375 0.52890625 0.2 0.26406250000000003
