0 0.5171875 0.6921875000000001 0.040625 0.059375000000000004
0 0.52265625 0.23984375000000002 0.07968750000000001 0.11406250000000001
0 0.6117187500000001 0.29296875 0.051562500000000004 0.035937500000000004
0 0.5328125 0.33906250000000004 0.053125000000000006 0.040625
0 0.603125 0.35234375 0.037500000000000006 0.0421875
0 0.534375 0.48281250000000003 0.125 0.203125
0 0.70859375 0.48828125 0.060937500000000006 0.0890625
0 0.6234375000000001 0.67890625 0.178125 0.1546875
0 0.8328125000000001 0.60859375 0.03125 0.0328125
0 0.80078125 0.6687500000000001 0.0234375 0.025
0 0.7265625 0.60859375 0.021875000000000002 0.0328125
