0 0.48828125 0.321875 0.0890625 0.11875000000000001
0 0.51875 0.390625 0.043750000000000004 0.043750000000000004
0 0.6062500000000001 0.41484375 0.1125 0.0921875
0 0.6820312500000001 0.42265625 0.0546875 0.060937500000000006
0 0.67890625 0.37578125 0.045312500000000006 0.0484375
0 0.74140625 0.41250000000000003 0.045312500000000006 0.046875
0 0.7835937500000001 0.415625 0.0546875 0.0625
0 0.8343750000000001 0.41875 0.053125000000000006 0.046875
0 0.634375 0.7468750000000001 0.15937500000000002 0.225
0 0.44140625 0.63984375 0.08281250000000001 0.1046875
0 0.3984375 0.75 0.034375 0.034375
0 0.38671875 0.58125 0.0421875 0.034375
0 0.39453125 0.553125 0.029687500000000002 0.028125
0 0.37343750000000003 0.45546875000000003 0.24375000000000002 0.1640625
0 0.27578125000000003 0.37265625 0.2546875 0.20468750000000002
