0 0.6218750000000001 0.56640625 0.043750000000000004 0.051562500000000004
0 0.68515625 0.40156250000000004 0.0421875 0.046875
0 0.6828125 0.240625 0.046875 0.05
0 0.7671875 0.33203125 0.178125 0.1328125
0 0.55625 0.3203125 0.05625 0.037500000000000006
0 0.3515625 0.2671875 0.059375000000000004 0.05
0 0.21484375 0.30312500000000003 0.0328125 0.05625
0 0.23984375000000002 0.47578125000000004 0.1078125 0.1484375
0 0.359375 0.41796875 0.05 0.0328125
0 0.4234375 0.46484375 0.037500000000000006 0.0484375
0 0.5164062500000001 0.546875 0.09531250000000001 0.11875000000000001
0 0.5484375 0.40937500000000004 0.046875 0.053125000000000006
