0 0.41250000000000003 0.46875 0.040625 0.046875
0 0.36171875000000003 0.61640625 0.0390625 0.0421875
0 0.37031250000000004 0.7585937500000001 0.043750000000000004 0.045312500000000006
0 0.2921875 0.6804687500000001 0.1625 0.1234375
0 0.47890625000000003 0.68359375 0.051562500000000004 0.035937500000000004
0 0.66171875 0.7234375000000001 0.0546875 0.046875
0 0.7820312500000001 0.68671875 0.029687500000000002 0.051562500000000004
0 0.75390625 0.53515625 0.1015625 0.13593750000000002
0 0.65 0.5906250000000001 0.046875 0.03125
0 0.59140625 0.5515625000000001 0.035937500000000004 0.043750000000000004
0 0.50625 0.48203125 0.08750000000000001 0.1078125
0 0.48281250000000003 0.6046875 0.043750000000000004 0.05
