0 0.84375 0.2703125 0.17500000000000002 0.19062500000000002
0 0.7445312500000001 0.4578125 0.0390625 0.040625
0 0.759375 0.55078125 0.03125 0.0328125
0 0.64453125 0.5593750000000001 0.0578125 0.0625
0 0.66953125 0.6585937500000001 0.2578125 0.20468750000000002
0 0.5546875 0.67578125 0.115625 0.1046875
0 0.46484375 0.7671875 0.2703125 0.265625
0 0.5390625 0.40937500000000004 0.046875 0.053125000000000006
0 0.47109375000000003 0.51953125 0.0421875 0.0421875
0 0.52265625 0.28750000000000003 0.11093750000000001 0.109375
0 0.41171875 0.22968750000000002 0.0703125 0.07187500000000001
0 0.384375 0.171875 0.037500000000000006 0.034375
