0 0.446875 0.43984375000000003 0.05 0.051562500000000004
0 0.35234375 0.5554687500000001 0.0484375 0.045312500000000006
0 0.2703125 0.5859375 0.178125 0.15000000000000002
0 0.434375 0.6484375 0.046875 0.037500000000000006
0 0.30781250000000004 0.6796875 0.053125000000000006 0.05625
0 0.4609375 0.58359375 0.046875 0.051562500000000004
0 0.46875 0.5453125 0.025 0.021875000000000002
0 0.5265625 0.484375 0.1125 0.125
0 0.5734375 0.571875 0.034375 0.043750000000000004
0 0.609375 0.6195312500000001 0.037500000000000006 0.0328125
0 0.634375 0.4859375 0.040625 0.040625
0 0.72421875 0.6109375 0.1203125 0.1375
