0 0.21171875 0.52578125 0.045312500000000006 0.029687500000000002
0 0.25546875 0.50703125 0.0390625 0.045312500000000006
0 0.29296875 0.49062500000000003 0.0328125 0.037500000000000006
0 0.35000000000000003 0.48359375000000004 0.046875 0.0421875
0 0.4140625 0.45 0.09375 0.05
0 0.48125 0.4 0.037500000000000006 0.046875
0 0.33671875 0.434375 0.0390625 0.034375
0 0.484375 0.33046875000000003 0.043750000000000004 0.09531250000000001
0 0.63984375 0.41484375 0.2109375 0.09531250000000001
0 0.696875 0.31015625 0.209375 0.1296875
0 0.6328125 0.6101562500000001 0.05625 0.09531250000000001
0 0.70078125 0.690625 0.026562500000000003 0.028125
0 0.6640625 0.5296875 0.037500000000000006 0.025
0 0.45703125 0.665625 0.2484375 0.23750000000000002
