0 0.53515625 0.80234375 0.37031250000000004 0.35468750000000004
0 0.7000000000000001 0.8070312500000001 0.05625 0.051562500000000004
0 0.665625 0.7507812500000001 0.028125 0.0328125
0 0.63671875 0.6859375000000001 0.045312500000000006 0.046875
0 0.7265625 0.7507812500000001 0.08125 0.0671875
0 0.5906250000000001 0.546875 0.034375 0.037500000000000006
0 0.63203125 0.46875 0.0921875 0.084375
0 0.46015625000000004 0.46875 0.1265625 0.125
0 0.32109375 0.5375 0.060937500000000006 0.07187500000000001
0 0.50546875 0.53515625 0.029687500000000002 0.0328125
0 0.47578125000000004 0.55703125 0.026562500000000003 0.029687500000000002
