0 0.47109375000000003 0.31562500000000004 0.0421875 0.034375
0 0.43281250000000004 0.29921875000000003 0.040625 0.045312500000000006
0 0.35781250000000003 0.38671875 0.025 0.026562500000000003
0 0.4296875 0.44296875 0.028125 0.0328125
0 0.34296875000000004 0.25078125 0.2515625 0.15156250000000002
0 0.6648437500000001 0.421875 0.060937500000000006 0.065625
0 0.6671875 0.521875 0.037500000000000006 0.059375000000000004
0 0.87421875 0.41640625000000003 0.1640625 0.11093750000000001
0 0.90234375 0.328125 0.06406250000000001 0.06875
0 0.82734375 0.29531250000000003 0.09531250000000001 0.115625
0 0.65 0.27734375 0.134375 0.1265625
0 0.7195312500000001 0.33828125000000003 0.029687500000000002 0.0328125
0 0.76875 0.296875 0.03125 0.037500000000000006
0 0.57734375 0.46015625000000004 0.029687500000000002 0.0328125
0 0.76171875 0.23125 0.035937500000000004 0.037500000000000006
