0 0.19062500000000002 0.6203125 0.15625 0.1125
0 0.38906250000000003 0.61484375 0.053125000000000006 0.06406250000000001
0 0.38203125000000004 0.525 0.0484375 0.065625
0 0.46953125 0.58046875 0.0234375 0.0234375
0 0.16484375 0.7039062500000001 0.06406250000000001 0.0671875
0 0.21250000000000002 0.7273437500000001 0.05 0.08281250000000001
0 0.25390625 0.7484375000000001 0.051562500000000004 0.07187500000000001
0 0.384375 0.7578125 0.10625000000000001 0.115625
0 0.28984375 0.73359375 0.029687500000000002 0.0390625
0 0.3359375 0.69453125 0.025 0.026562500000000003
0 0.29453125 0.796875 0.0328125 0.028125
0 0.5671875000000001 0.696875 0.078125 0.09375
0 0.68125 0.80390625 0.19375 0.09843750000000001
