0 0.23515625 0.40937500000000004 0.051562500000000004 0.043750000000000004
0 0.28203125 0.4078125 0.051562500000000004 0.05625
0 0.321875 0.40703125 0.043750000000000004 0.045312500000000006
0 0.37812500000000004 0.421875 0.059375000000000004 0.05625
0 0.45 0.415625 0.10312500000000001 0.08125
0 0.53046875 0.39375000000000004 0.051562500000000004 0.05625
0 0.384375 0.371875 0.046875 0.046875
0 0.56015625 0.33046875000000003 0.0734375 0.1015625
0 0.671875 0.46718750000000003 0.225 0.16562500000000002
0 0.76328125 0.3921875 0.2390625 0.19687500000000002
0 0.59140625 0.6453125000000001 0.0859375 0.10625000000000001
0 0.62421875 0.7453125 0.035937500000000004 0.034375
0 0.6507812500000001 0.58203125 0.0421875 0.035937500000000004
0 0.40859375000000003 0.6296875000000001 0.3140625 0.30625
