0 0.4890625 0.51875 0.040625 0.040625
0 0.534375 0.6039062500000001 0.053125000000000006 0.0421875
0 0.3953125 0.7328125000000001 0.09062500000000001 0.1
0 0.49453125000000003 0.7132812500000001 0.1296875 0.09531250000000001
0 0.31875000000000003 0.6492187500000001 0.05 0.0328125
0 0.1328125 0.5703125 0.040625 0.040625
0 0.2484375 0.5328125 0.0625 0.053125000000000006
0 0.33359375 0.5828125000000001 0.029687500000000002 0.037500000000000006
0 0.31640625 0.6195312500000001 0.026562500000000003 0.029687500000000002
0 0.33671875 0.4140625 0.029687500000000002 0.03125
0 0.35000000000000003 0.3765625 0.07500000000000001 0.06875
0 0.2 0.42890625000000004 0.084375 0.0765625
0 0.26640625 0.3765625 0.0328125 0.040625
0 0.4734375 0.32656250000000003 0.08125 0.10625000000000001
