0 0.73359375 0.7484375000000001 0.3796875 0.353125
0 0.87421875 0.634375 0.0578125 0.05
0 0.8054687500000001 0.6109375 0.029687500000000002 0.034375
0 0.7351562500000001 0.578125 0.045312500000000006 0.046875
0 0.85703125 0.56796875 0.0859375 0.06406250000000001
0 0.596875 0.49453125000000003 0.034375 0.0390625
0 0.5750000000000001 0.39921875 0.096875 0.08281250000000001
0 0.43203125000000003 0.52265625 0.1296875 0.1265625
0 0.3640625 0.6804687500000001 0.059375000000000004 0.0765625
0 0.5164062500000001 0.5453125 0.029687500000000002 0.034375
0 0.5078125 0.584375 0.025 0.03125
