0 0.5015625 0.5296875 0.03125 0.059375000000000004
0 0.7765625 0.6062500000000001 0.09062500000000001 0.07500000000000001
0 0.52890625 0.79453125 0.1796875 0.34218750000000003
0 0.64765625 0.80625 0.0890625 0.125
0 0.6765625000000001 0.6953125 0.028125 0.028125
0 0.609375 0.6734375 0.043750000000000004 0.059375000000000004
0 0.34921875 0.671875 0.15156250000000002 0.1875
0 0.43515625 0.6273437500000001 0.0390625 0.029687500000000002
0 0.340625 0.29531250000000003 0.15625 0.22187500000000002
0 0.34765625 0.43593750000000003 0.0578125 0.034375
0 0.45546875000000003 0.525 0.045312500000000006 0.043750000000000004
