0 0.6390625000000001 0.48359375000000004 0.0625 0.0734375
0 0.5140625 0.45625000000000004 0.025 0.025
0 0.5671875000000001 0.4109375 0.078125 0.046875
0 0.48125 0.59921875 0.265625 0.2171875
0 0.49296875 0.49921875000000004 0.0421875 0.0328125
0 0.47578125000000004 0.5390625 0.0390625 0.037500000000000006
0 0.484375 0.47109375000000003 0.025 0.026562500000000003
0 0.7265625 0.30859375 0.08125 0.0421875
0 0.7195312500000001 0.37734375000000003 0.1546875 0.0546875
0 0.7734375 0.4421875 0.046875 0.040625
0 0.7523437500000001 0.48203125 0.026562500000000003 0.026562500000000003
0 0.8015625000000001 0.49843750000000003 0.03125 0.028125
0 0.62109375 0.16875 0.0703125 0.08125
0 0.5671875000000001 0.32734375000000004 0.03125 0.029687500000000002
