0 0.43046875 0.39609375 0.1296875 0.13593750000000002
0 0.496875 0.46796875000000004 0.07500000000000001 0.0734375
0 0.5015625 0.54453125 0.12812500000000002 0.1546875
0 0.41718750000000004 0.6671875 0.028125 0.028125
0 0.5750000000000001 0.5632812500000001 0.07187500000000001 0.09843750000000001
0 0.6429687500000001 0.50390625 0.09843750000000001 0.0921875
0 0.8289062500000001 0.62421875 0.035937500000000004 0.0421875
0 0.8671875 0.5828125000000001 0.053125000000000006 0.0625
0 0.78515625 0.48515625 0.15781250000000002 0.13593750000000002
0 0.6937500000000001 0.46718750000000003 0.043750000000000004 0.037500000000000006
0 0.68359375 0.4140625 0.1796875 0.171875
0 0.5640625 0.35703125 0.11875000000000001 0.1234375
0 0.703125 0.225 0.08125 0.06875
