0 0.640625 0.33916666666666667 0.10125 0.15166666666666667
0 0.7781250000000001 0.46166666666666667 0.10375000000000001 0.13
0 0.883125 0.4733333333333334 0.02375 0.030000000000000002
0 0.865 0.5358333333333334 0.0225 0.025
0 0.635625 0.6808333333333334 0.051250000000000004 0.07166666666666667
0 0.48875 0.5950000000000001 0.0425 0.05
0 0.43875000000000003 0.49250000000000005 0.0525 0.04833333333333334
0 0.341875 0.7075 0.01375 0.021666666666666667
0 0.356875 0.37083333333333335 0.03125 0.035
0 0.38625 0.315 0.1225 0.1
