0 0.6425 0.6933333333333334 0.105 0.16
0 0.789375 0.5483333333333333 0.10875 0.1366666666666667
0 0.90375 0.5275000000000001 0.025 0.03166666666666667
0 0.880625 0.4591666666666667 0.02375 0.025
0 0.6218750000000001 0.31833333333333336 0.05375 0.07666666666666667
0 0.464375 0.4241666666666667 0.043750000000000004 0.05166666666666667
0 0.414375 0.5408333333333334 0.05625 0.04833333333333334
0 0.29812500000000003 0.3125 0.01375 0.021666666666666667
0 0.32937500000000003 0.6816666666666668 0.03375 0.03666666666666667
0 0.364375 0.7408333333333333 0.13125 0.10166666666666667
