0 0.533125 0.4475 0.05375 0.06833333333333334
0 0.6475 0.29750000000000004 0.02 0.03166666666666667
0 0.380625 0.4166666666666667 0.058750000000000004 0.08333333333333334
0 0.28500000000000003 0.6633333333333333 0.11750000000000001 0.15333333333333335
0 0.185625 0.6875 0.03375 0.03833333333333334
0 0.18875 0.6208333333333333 0.025 0.03166666666666667
0 0.42125 0.7408333333333333 0.0925 0.15833333333333335
0 0.56375 0.6858333333333334 0.0375 0.07833333333333334
0 0.5775 0.6041666666666667 0.10250000000000001 0.18500000000000003
0 0.5806250000000001 0.8425 0.03875 0.05166666666666667
0 0.5275 0.8641666666666667 0.1125 0.15833333333333335
