0 0.6425 0.6725000000000001 0.0925 0.13833333333333334
0 0.7575000000000001 0.5425 0.095 0.12166666666666667
0 0.850625 0.5175000000000001 0.02125 0.028333333333333335
0 0.82875 0.4625 0.02 0.021666666666666667
0 0.610625 0.3666666666666667 0.04625 0.06666666666666667
0 0.48562500000000003 0.46416666666666667 0.03875 0.045000000000000005
0 0.449375 0.5641666666666667 0.04875 0.045000000000000005
0 0.34500000000000003 0.38583333333333336 0.0125 0.018333333333333333
0 0.385625 0.6858333333333334 0.02875 0.03166666666666667
0 0.416875 0.7316666666666667 0.11125 0.09333333333333334
