0 0.33828125000000003 0.62109375 0.13593750000000002 0.1421875
0 0.41484375 0.42421875000000003 0.029687500000000002 0.029687500000000002
0 0.52578125 0.37578125 0.0578125 0.0671875
0 0.5632812500000001 0.32343750000000004 0.0390625 0.040625
0 0.39765625000000004 0.26015625000000003 0.08281250000000001 0.0765625
0 0.71796875 0.33671875 0.0765625 0.08281250000000001
0 0.6570312500000001 0.384375 0.035937500000000004 0.037500000000000006
0 0.765625 0.38046875 0.046875 0.045312500000000006
0 0.7054687500000001 0.45156250000000003 0.1421875 0.153125
0 0.6273437500000001 0.51015625 0.060937500000000006 0.06406250000000001
0 0.70078125 0.56640625 0.0890625 0.07968750000000001
0 0.5281250000000001 0.69296875 0.037500000000000006 0.0390625
0 0.47890625000000003 0.64453125 0.0921875 0.09843750000000001
0 0.5085937500000001 0.75390625 0.060937500000000006 0.06406250000000001
0 0.515625 0.83515625 0.05625 0.060937500000000006
0 0.61640625 0.8890625000000001 0.27968750000000003 0.22187500000000002
0 0.4734375 0.7156250000000001 0.03125 0.03125
0 0.47265625 0.8031250000000001 0.0390625 0.040625
