0 0.46375 0.42333333333333334 0.05 0.060000000000000005
0 0.301875 0.3116666666666667 0.01625 0.030000000000000002
0 0.6225 0.3216666666666667 0.0525 0.07666666666666667
0 0.788125 0.5466666666666667 0.10625 0.14
0 0.901875 0.5275000000000001 0.03375 0.03166666666666667
0 0.881875 0.4575 0.02375 0.028333333333333335
0 0.66 0.6916666666666668 0.0725 0.16
0 0.49125 0.6966666666666667 0.025 0.08333333333333334
0 0.455625 0.6141666666666667 0.07875 0.18833333333333335
0 0.5125 0.8733333333333334 0.035 0.04666666666666667
0 0.575625 0.8733333333333334 0.09875 0.14666666666666667
