0 0.8093750000000001 0.5225000000000001 0.02625 0.065
0 0.80375 0.5750000000000001 0.0775 0.08
0 0.904375 0.5266666666666667 0.02625 0.030000000000000002
0 0.880625 0.45583333333333337 0.02125 0.025
0 0.724375 0.3375 0.06375 0.155
0 0.50875 0.16333333333333333 0.2 0.21333333333333335
0 0.345625 0.3641666666666667 0.09625 0.12166666666666667
0 0.3075 0.505 0.0725 0.07666666666666667
0 0.409375 0.5391666666666667 0.09375 0.09833333333333334
0 0.47625 0.6633333333333333 0.025 0.08
0 0.5 0.8366666666666667 0.0275 0.043333333333333335
0 0.56375 0.8341666666666667 0.0975 0.14500000000000002
