0 0.07734375 0.4109375 0.15156250000000002 0.17500000000000002
0 0.17109375000000002 0.30781250000000004 0.035937500000000004 0.05625
0 0.2734375 0.33984375 0.07500000000000001 0.045312500000000006
0 0.32734375000000004 0.39921875 0.0390625 0.029687500000000002
0 0.23203125000000002 0.27187500000000003 0.0328125 0.034375
0 0.4390625 0.19296875000000002 0.025 0.0234375
0 0.43046875 0.3125 0.17343750000000002 0.178125
0 0.634375 0.275 0.10312500000000001 0.12187500000000001
0 0.31171875000000004 0.1921875 0.026562500000000003 0.03125
0 0.28203125 0.5640625 0.0890625 0.059375000000000004
0 0.39453125 0.5765625 0.051562500000000004 0.0625
0 0.6796875 0.5375 0.025 0.03125
0 0.5890625 0.66171875 0.043750000000000004 0.0703125
0 0.5828125000000001 0.7367187500000001 0.03125 0.0484375
0 0.7984375 0.703125 0.08750000000000001 0.059375000000000004
0 0.3984375 0.82421875 0.065625 0.0765625
0 0.4421875 0.73046875 0.028125 0.035937500000000004
0 0.34687500000000004 0.6921875000000001 0.115625 0.15000000000000002
0 0.32578125 0.80390625 0.0421875 0.0421875
0 0.16718750000000002 0.53671875 0.040625 0.0234375
