0 0.405625 0.24166666666666667 0.04125 0.05666666666666667
0 0.45875 0.20750000000000002 0.1325 0.18166666666666667
0 0.445 0.4025 0.05 0.085
0 0.6375000000000001 0.7991666666666667 0.2325 0.2916666666666667
0 0.435625 0.7275 0.11625 0.15166666666666667
0 0.351875 0.6383333333333334 0.09125 0.11333333333333334
0 0.429375 0.5458333333333334 0.11125 0.13833333333333334
0 0.745 0.3125 0.13 0.17500000000000002
0 0.844375 0.26333333333333336 0.03375 0.043333333333333335
0 0.8512500000000001 0.33333333333333337 0.03 0.03666666666666667
