0 0.5337500000000001 0.20583333333333334 0.105 0.16166666666666668
0 0.26375 0.39083333333333337 0.20750000000000002 0.30833333333333335
0 0.356875 0.2341666666666667 0.03125 0.04166666666666667
0 0.390625 0.5158333333333334 0.08625000000000001 0.115
0 0.45437500000000003 0.49333333333333335 0.051250000000000004 0.07
0 0.45125 0.5650000000000001 0.0425 0.060000000000000005
0 0.47500000000000003 0.6491666666666667 0.035 0.065
0 0.50375 0.6216666666666667 0.0175 0.03333333333333333
0 0.528125 0.5625 0.03625 0.045000000000000005
0 0.553125 0.4791666666666667 0.051250000000000004 0.10500000000000001
0 0.77125 0.42500000000000004 0.1075 0.14666666666666667
0 0.87875 0.41833333333333333 0.0275 0.03666666666666667
0 0.865625 0.4816666666666667 0.02375 0.023333333333333334
0 0.564375 0.8250000000000001 0.19875 0.23
0 0.47500000000000003 0.21833333333333335 0.0375 0.08666666666666667
