0 0.6921875000000001 0.5859375 0.07500000000000001 0.084375
0 0.56875 0.59375 0.0625 0.06875
0 0.7562500000000001 0.40390625 0.05 0.0421875
0 0.6296875000000001 0.29453125 0.096875 0.1046875
0 0.65 0.1875 0.034375 0.034375
0 0.6960937500000001 0.20546875 0.029687500000000002 0.029687500000000002
0 0.71484375 0.09140625000000001 0.029687500000000002 0.0421875
0 0.55390625 0.19296875000000002 0.0328125 0.060937500000000006
0 0.353125 0.34609375000000003 0.19062500000000002 0.2703125
0 0.26640625 0.4578125 0.029687500000000002 0.034375
0 0.2828125 0.6960937500000001 0.371875 0.30781250000000004
