0 0.8140625 0.565625 0.284375 0.28750000000000003
0 0.58203125 0.634375 0.035937500000000004 0.034375
0 0.43593750000000003 0.7445312500000001 0.134375 0.1234375
0 0.340625 0.66015625 0.040625 0.0421875
0 0.3828125 0.5078125 0.146875 0.140625
0 0.484375 0.38593750000000004 0.11875000000000001 0.125
0 0.55390625 0.47968750000000004 0.0578125 0.053125000000000006
0 0.6648437500000001 0.35234375 0.051562500000000004 0.045312500000000006
0 0.59921875 0.37734375000000003 0.0328125 0.0328125
0 0.5320312500000001 0.2890625 0.0328125 0.03125
0 0.6703125000000001 0.26484375 0.15000000000000002 0.15781250000000002
