0 0.7250000000000001 0.2671875 0.30625 0.265625
0 0.5710937500000001 0.55390625 0.0546875 0.051562500000000004
0 0.53515625 0.6742187500000001 0.1046875 0.11406250000000001
0 0.6453125000000001 0.6570312500000001 0.053125000000000006 0.0546875
0 0.775 0.74140625 0.134375 0.15781250000000002
0 0.7328125000000001 0.6468750000000001 0.05 0.043750000000000004
0 0.6156250000000001 0.76484375 0.028125 0.029687500000000002
0 0.36875 0.565625 0.034375 0.040625
0 0.27734375 0.4421875 0.0328125 0.034375
0 0.3515625 0.31328125 0.1375 0.1234375
