0 0.47734375 0.43984375000000003 0.1703125 0.1640625
0 0.43515625 0.52578125 0.029687500000000002 0.026562500000000003
0 0.49062500000000003 0.6101562500000001 0.07500000000000001 0.1046875
0 0.6484375 0.6625000000000001 0.05625 0.053125000000000006
0 0.64765625 0.7078125000000001 0.0328125 0.040625
0 0.6414062500000001 0.7625000000000001 0.045312500000000006 0.043750000000000004
0 0.753125 0.34609375000000003 0.29375 0.3203125
0 0.51171875 0.23984375000000002 0.0765625 0.06406250000000001
0 0.42812500000000003 0.38828125 0.025 0.0234375
0 0.40468750000000003 0.5703125 0.05625 0.043750000000000004
0 0.33046875000000003 0.60859375 0.051562500000000004 0.051562500000000004
0 0.27578125000000003 0.7375 0.22968750000000002 0.19375
0 0.25625000000000003 0.23750000000000002 0.034375 0.03125
