0 0.30859375 0.6828125 0.1296875 0.109375
0 0.2671875 0.540625 0.03125 0.034375
0 0.403125 0.42890625000000004 0.153125 0.13593750000000002
0 0.509375 0.66328125 0.025 0.026562500000000003
0 0.58125 0.5046875000000001 0.040625 0.053125000000000006
0 0.565625 0.37578125 0.109375 0.1015625
0 0.7546875000000001 0.45 0.059375000000000004 0.040625
0 0.6804687500000001 0.434375 0.026562500000000003 0.03125
0 0.6734375 0.309375 0.028125 0.021875000000000002
0 0.81953125 0.37109375 0.1171875 0.1421875
0 0.65 0.81796875 0.290625 0.24531250000000002
