0 0.6984375 0.2625 0.28125 0.23750000000000002
0 0.5703125 0.54921875 0.05 0.045312500000000006
0 0.5453125 0.6671875 0.09375 0.10625000000000001
0 0.6507812500000001 0.64375 0.0484375 0.05
0 0.78125 0.71484375 0.12187500000000001 0.1453125
0 0.73359375 0.6273437500000001 0.045312500000000006 0.0390625
0 0.6296875000000001 0.7484375000000001 0.025 0.028125
0 0.37812500000000004 0.5750000000000001 0.03125 0.037500000000000006
0 0.28125 0.4625 0.03125 0.03125
0 0.34453125 0.33359375 0.1265625 0.11093750000000001
