0 0.50703125 0.42421875000000003 0.18281250000000002 0.1765625
0 0.59765625 0.46796875000000004 0.029687500000000002 0.029687500000000002
0 0.6062500000000001 0.5750000000000001 0.08125 0.1125
0 0.5078125 0.7203125 0.059375000000000004 0.05625
0 0.5375 0.7578125 0.034375 0.043750000000000004
0 0.5789062500000001 0.80078125 0.0484375 0.045312500000000006
0 0.215625 0.525 0.3125 0.340625
0 0.3484375 0.278125 0.08125 0.06875
0 0.51484375 0.35000000000000003 0.026562500000000003 0.025
0 0.6515625 0.4859375 0.059375000000000004 0.046875
0 0.73828125 0.4703125 0.0546875 0.053125000000000006
0 0.86875 0.54140625 0.24375000000000002 0.2078125
0 0.56015625 0.11171875 0.035937500000000004 0.0328125
