0 0.6335937500000001 0.33828125000000003 0.1265625 0.1015625
0 0.55859375 0.27578125000000003 0.1703125 0.15156250000000002
0 0.6609375000000001 0.15390625000000002 0.140625 0.1390625
0 0.5109375 0.10859375 0.23125 0.21406250000000002
0 0.6734375 0.48203125 0.05625 0.0546875
0 0.57421875 0.4625 0.029687500000000002 0.03125
0 0.6015625 0.5140625 0.059375000000000004 0.0625
0 0.7054687500000001 0.59296875 0.1703125 0.1921875
0 0.8015625000000001 0.70078125 0.05 0.0546875
0 0.7507812500000001 0.7273437500000001 0.0921875 0.1078125
0 0.453125 0.6609375000000001 0.15625 0.15000000000000002
0 0.42578125 0.53125 0.060937500000000006 0.0625
0 0.290625 0.49453125000000003 0.06875 0.06406250000000001
0 0.19453125000000002 0.45546875000000003 0.0421875 0.0390625
0 0.17109375000000002 0.546875 0.0921875 0.08125
