0 0.3140625 0.5906250000000001 0.209375 0.146875
0 0.33359375 0.48750000000000004 0.13593750000000002 0.09062500000000001
0 0.44375000000000003 0.49375 0.05 0.040625
0 0.44453125000000004 0.43046875 0.0484375 0.0390625
0 0.5 0.47109375000000003 0.028125 0.0234375
0 0.30390625000000004 0.71015625 0.035937500000000004 0.0390625
0 0.453125 0.6507812500000001 0.03125 0.0328125
0 0.6453125000000001 0.5437500000000001 0.05625 0.037500000000000006
0 0.8500000000000001 0.47968750000000004 0.043750000000000004 0.046875
0 0.86328125 0.5578125 0.045312500000000006 0.034375
0 0.7445312500000001 0.540625 0.026562500000000003 0.025
0 0.55703125 0.525 0.029687500000000002 0.018750000000000003
0 0.59296875 0.46640625 0.0484375 0.045312500000000006
0 0.640625 0.50234375 0.037500000000000006 0.0328125
0 0.65390625 0.40625 0.2546875 0.12812500000000002
0 0.65390625 0.46796875000000004 0.051562500000000004 0.045312500000000006
0 0.7429687500000001 0.33203125 0.0328125 0.0234375
