0 0.4859375 0.42500000000000004 0.07500000000000001 0.09375
0 0.6453125000000001 0.3671875 0.053125000000000006 0.05
0 0.6453125000000001 0.32265625000000003 0.03125 0.035937500000000004
0 0.634375 0.265625 0.043750000000000004 0.046875
0 0.7445312500000001 0.421875 0.1171875 0.15625
0 0.46796875000000004 0.5140625 0.2078125 0.134375
0 0.35078125000000004 0.45078125 0.029687500000000002 0.029687500000000002
0 0.3921875 0.55390625 0.028125 0.029687500000000002
0 0.49609375 0.6156250000000001 0.029687500000000002 0.03125
0 0.7679687500000001 0.70625 0.3015625 0.30312500000000003
0 0.52734375 0.81796875 0.0734375 0.0578125
0 0.509375 0.6570312500000001 0.025 0.035937500000000004
0 0.16640625 0.46171875 0.045312500000000006 0.0546875
