0 0.41718750000000004 0.45546875000000003 0.07500000000000001 0.08281250000000001
0 0.5359375000000001 0.31015625 0.059375000000000004 0.0484375
0 0.45859375 0.22968750000000002 0.045312500000000006 0.046875
0 0.50390625 0.2734375 0.0390625 0.046875
0 0.64765625 0.29921875000000003 0.15781250000000002 0.1796875
0 0.78671875 0.7468750000000001 0.2515625 0.3125
0 0.42031250000000003 0.61328125 0.046875 0.0546875
0 0.6078125000000001 0.63671875 0.05625 0.0703125
0 0.41484375 0.6742187500000001 0.035937500000000004 0.035937500000000004
0 0.41250000000000003 0.75546875 0.05 0.06406250000000001
0 0.47968750000000004 0.584375 0.028125 0.03125
0 0.52890625 0.596875 0.0234375 0.021875000000000002
