0 0.5609375 0.40859375000000003 0.07187500000000001 0.07968750000000001
0 0.38359375 0.37265625 0.0546875 0.045312500000000006
0 0.3921875 0.26484375 0.043750000000000004 0.045312500000000006
0 0.38593750000000004 0.325 0.037500000000000006 0.043750000000000004
0 0.29375 0.43281250000000004 0.15000000000000002 0.171875
0 0.46171875 0.8500000000000001 0.2390625 0.30000000000000004
0 0.65390625 0.5281250000000001 0.045312500000000006 0.053125000000000006
0 0.5281250000000001 0.66015625 0.053125000000000006 0.0671875
0 0.69453125 0.5703125 0.0328125 0.034375
0 0.7453125 0.62890625 0.046875 0.060937500000000006
0 0.59296875 0.5421875 0.026562500000000003 0.03125
0 0.5632812500000001 0.58046875 0.0234375 0.0203125
