0 0.371875 0.31484375000000003 0.2 0.19843750000000002
0 0.59609375 0.2890625 0.051562500000000004 0.043750000000000004
0 0.5890625 0.41015625 0.034375 0.029687500000000002
0 0.37734375000000003 0.5125000000000001 0.06406250000000001 0.040625
0 0.4453125 0.55703125 0.05 0.035937500000000004
0 0.57734375 0.64765625 0.0421875 0.0546875
0 0.40859375000000003 0.5875 0.035937500000000004 0.043750000000000004
0 0.39453125 0.6390625000000001 0.026562500000000003 0.034375
0 0.37343750000000003 0.70625 0.034375 0.053125000000000006
0 0.5015625 0.30859375 0.03125 0.029687500000000002
0 0.70078125 0.3453125 0.08281250000000001 0.14375000000000002
0 0.72265625 0.7781250000000001 0.20468750000000002 0.275
