0 0.40156250000000004 0.76171875 0.19375 0.1921875
0 0.6375000000000001 0.7523437500000001 0.05 0.0421875
0 0.609375 0.628125 0.034375 0.028125
0 0.37343750000000003 0.55703125 0.065625 0.035937500000000004
0 0.4375 0.5 0.05 0.034375
0 0.55859375 0.38359375 0.0390625 0.0546875
0 0.39375000000000004 0.47500000000000003 0.034375 0.043750000000000004
0 0.371875 0.4234375 0.025 0.034375
0 0.33828125000000003 0.35703125 0.029687500000000002 0.0546875
0 0.53671875 0.7484375000000001 0.029687500000000002 0.028125
0 0.7367187500000001 0.6765625000000001 0.0734375 0.14375000000000002
0 0.6875 0.22578125000000002 0.19062500000000002 0.2734375
