0 0.81015625 0.759375 0.2703125 0.30625
0 0.5671875000000001 0.9546875 0.065625 0.053125000000000006
0 0.56875 0.790625 0.0625 0.05625
0 0.5750000000000001 0.7367187500000001 0.09062500000000001 0.0671875
0 0.65234375 0.6515625 0.1421875 0.14375000000000002
0 0.5734375 0.6453125000000001 0.046875 0.05
0 0.45937500000000003 0.70859375 0.21875 0.1546875
0 0.47890625000000003 0.92734375 0.0390625 0.0484375
0 0.53515625 0.89609375 0.029687500000000002 0.029687500000000002
0 0.46484375 0.8625 0.060937500000000006 0.046875
0 0.35859375000000004 0.53515625 0.08281250000000001 0.0765625
0 0.3046875 0.32578125 0.25 0.2484375
0 0.56015625 0.37265625 0.045312500000000006 0.0390625
0 0.53828125 0.23671875 0.0734375 0.060937500000000006
0 0.4375 0.27890625 0.040625 0.035937500000000004
0 0.6648437500000001 0.28359375000000003 0.11093750000000001 0.1640625
