0 0.40859375000000003 0.16953125000000002 0.23593750000000002 0.2859375
0 0.7171875000000001 0.13515625 0.0625 0.045312500000000006
0 0.628125 0.2734375 0.05625 0.05
0 0.59296875 0.31562500000000004 0.0859375 0.05625
0 0.48359375000000004 0.3453125 0.1296875 0.13125
0 0.54609375 0.39296875000000003 0.0421875 0.045312500000000006
0 0.67578125 0.4 0.21406250000000002 0.125
0 0.77734375 0.20625000000000002 0.0328125 0.046875
0 0.7125 0.20234375000000002 0.025 0.026562500000000003
0 0.75390625 0.26875 0.0578125 0.040625
0 0.6671875 0.6000000000000001 0.07500000000000001 0.06875
0 0.6000000000000001 0.8046875 0.22812500000000002 0.225
0 0.41015625 0.628125 0.0421875 0.034375
0 0.35625 0.75546875 0.06875 0.051562500000000004
0 0.4625 0.7734375 0.037500000000000006 0.03125
0 0.27578125000000003 0.6468750000000001 0.0890625 0.15937500000000002
