2 0.2234375 0.3203125 0.14375000000000002 0.13125
2 0.38359375 0.290625 0.21406250000000002 0.284375
2 0.4546875 0.3046875 0.1375 0.171875
2 0.5476562500000001 0.22578125000000002 0.1328125 0.1203125
2 0.51875 0.38593750000000004 0.043750000000000004 0.046875
2 0.43046875 0.42578125 0.08281250000000001 0.0859375
2 0.42031250000000003 0.5007812500000001 0.1375 0.11093750000000001
2 0.38593750000000004 0.51796875 0.09062500000000001 0.0890625
2 0.30390625000000004 0.49765625 0.15156250000000002 0.1453125
2 0.30703125000000003 0.6000000000000001 0.09531250000000001 0.096875
2 0.72578125 0.42031250000000003 0.0390625 0.037500000000000006
