0 0.6820312500000001 0.21328125 0.0484375 0.035937500000000004
0 0.603125 0.3484375 0.059375000000000004 0.043750000000000004
0 0.56875 0.39296875000000003 0.084375 0.0578125
0 0.52265625 0.45937500000000003 0.0390625 0.034375
0 0.6234375000000001 0.46875 0.15937500000000002 0.09375
0 0.6609375000000001 0.58984375 0.065625 0.0484375
0 0.384375 0.18828125 0.03125 0.026562500000000003
0 0.43359375 0.203125 0.0234375 0.028125
0 0.40546875000000004 0.28203125 0.060937500000000006 0.045312500000000006
0 0.3671875 0.3015625 0.09062500000000001 0.09062500000000001
0 0.29140625000000003 0.6468750000000001 0.08281250000000001 0.146875
0 0.5984375000000001 0.7914062500000001 0.20625000000000002 0.2078125
0 0.4734375 0.759375 0.037500000000000006 0.03125
0 0.42031250000000003 0.6257812500000001 0.03125 0.0328125
0 0.36484375 0.74609375 0.06406250000000001 0.0484375
0 0.71796875 0.340625 0.0578125 0.037500000000000006
0 0.74375 0.2703125 0.028125 0.025
