0 0.53671875 0.41484375 0.1328125 0.18906250000000002
0 0.6335937500000001 0.30312500000000003 0.1390625 0.1625
0 0.4859375 0.49843750000000003 0.028125 0.03125
0 0.5554687500000001 0.57265625 0.045312500000000006 0.0421875
0 0.47187500000000004 0.6171875 0.15625 0.1125
0 0.5554687500000001 0.65390625 0.07968750000000001 0.0671875
0 0.5546875 0.7039062500000001 0.059375000000000004 0.051562500000000004
0 0.5640625 0.853125 0.043750000000000004 0.037500000000000006
0 0.48046875 0.8367187500000001 0.0390625 0.045312500000000006
0 0.4625 0.7765625 0.0625 0.046875
0 0.53359375 0.80390625 0.026562500000000003 0.0234375
0 0.76875 0.73046875 0.028125 0.0328125
0 0.815625 0.71484375 0.034375 0.035937500000000004
0 0.74765625 0.6507812500000001 0.0671875 0.0578125
0 0.7671875 0.61328125 0.096875 0.09843750000000001
0 0.3671875 0.17890625000000002 0.053125000000000006 0.045312500000000006
