0 0.27421875 0.753125 0.035937500000000004 0.034375
0 0.2234375 0.7375 0.034375 0.037500000000000006
0 0.290625 0.67109375 0.07187500000000001 0.0578125
0 0.26953125 0.62890625 0.1078125 0.1046875
0 0.24531250000000002 0.38046875 0.034375 0.0390625
0 0.10859375 0.39453125 0.0484375 0.051562500000000004
0 0.24531250000000002 0.43984375000000003 0.028125 0.035937500000000004
0 0.259375 0.27187500000000003 0.0625 0.065625
0 0.28125 0.21953125 0.043750000000000004 0.0578125
0 0.5359375000000001 0.32734375000000004 0.08125 0.0671875
0 0.56953125 0.2921875 0.0671875 0.059375000000000004
0 0.64375 0.32265625000000003 0.059375000000000004 0.0484375
0 0.625 0.36015625 0.040625 0.0390625
0 0.6687500000000001 0.27187500000000003 0.08125 0.06875
0 0.7125 0.49531250000000004 0.043750000000000004 0.040625
0 0.62109375 0.45234375000000004 0.0421875 0.0390625
0 0.66328125 0.46171875 0.035937500000000004 0.035937500000000004
0 0.55859375 0.54609375 0.0671875 0.0546875
0 0.64765625 0.534375 0.1328125 0.09375
