0 0.6609375000000001 0.246875 0.1125 0.1
0 0.5796875 0.39453125 0.225 0.2234375
0 0.48281250000000003 0.29921875000000003 0.08125 0.07968750000000001
0 0.3140625 0.48203125 0.06875 0.0765625
0 0.28984375 0.43125 0.0421875 0.046875
0 0.38593750000000004 0.5578125 0.03125 0.03125
0 0.42890625000000004 0.59296875 0.029687500000000002 0.035937500000000004
0 0.3140625 0.6648437500000001 0.07187500000000001 0.0671875
0 0.19765625 0.6234375000000001 0.045312500000000006 0.043750000000000004
0 0.63671875 0.74375 0.0671875 0.05625
0 0.59609375 0.734375 0.1078125 0.10625000000000001
0 0.6859375000000001 0.81015625 0.03125 0.0328125
0 0.6421875 0.8390625 0.037500000000000006 0.040625
