0 0.6195312500000001 0.45859375 0.40468750000000003 0.4578125
0 0.37734375000000003 0.5320312500000001 0.06406250000000001 0.0921875
0 0.34218750000000003 0.6156250000000001 0.0625 0.06875
0 0.28750000000000003 0.6453125000000001 0.034375 0.05
0 0.22421875000000002 0.59296875 0.0765625 0.08281250000000001
0 0.13671875 0.6453125000000001 0.0390625 0.040625
0 0.23750000000000002 0.7250000000000001 0.034375 0.034375
0 0.4625 0.76171875 0.14375000000000002 0.16718750000000002
0 0.38203125000000004 0.43828125 0.1078125 0.1046875
0 0.421875 0.3125 0.05 0.065625
0 0.23750000000000002 0.38125000000000003 0.10312500000000001 0.07187500000000001
