2 0.38671875 0.32890625 0.1046875 0.09531250000000001
2 0.55234375 0.375 0.1046875 0.12812500000000002
2 0.6101562500000001 0.30781250000000004 0.060937500000000006 0.0625
2 0.41875 0.16015625 0.225 0.2078125
2 0.7195312500000001 0.42734375 0.2078125 0.1765625
2 0.8835937500000001 0.37421875000000004 0.0859375 0.051562500000000004
2 0.96484375 0.44921875 0.060937500000000006 0.0671875
2 0.578125 0.5867187500000001 0.0625 0.0890625
1 0.465625 0.6492187500000001 0.30000000000000004 0.35781250000000003
1 0.23203125000000002 0.4375 0.4140625 0.296875
