0 0.38671875 0.52265625 0.1203125 0.1171875
0 0.64765625 0.39921875 0.0578125 0.0578125
0 0.3140625 0.37734375000000003 0.059375000000000004 0.06406250000000001
0 0.19921875 0.44296875 0.060937500000000006 0.0734375
0 0.20859375000000002 0.2859375 0.0484375 0.053125000000000006
0 0.29453125 0.32265625000000003 0.0328125 0.0390625
0 0.28046875 0.7015625000000001 0.08281250000000001 0.084375
0 0.35234375 0.71015625 0.045312500000000006 0.051562500000000004
0 0.39765625000000004 0.6046875 0.060937500000000006 0.0625
0 0.39687500000000003 0.671875 0.09062500000000001 0.09062500000000001
0 0.3375 0.80625 0.037500000000000006 0.037500000000000006
0 0.55234375 0.7546875000000001 0.18281250000000002 0.19375
0 0.22031250000000002 0.76953125 0.043750000000000004 0.045312500000000006
