2 0.46640625 0.6257812500000001 0.07968750000000001 0.0671875
2 0.31484375000000003 0.73984375 0.18281250000000002 0.1390625
2 0.22421875000000002 0.6234375000000001 0.0703125 0.08750000000000001
2 0.29765625 0.6570312500000001 0.0421875 0.026562500000000003
2 0.10546875 0.7562500000000001 0.0703125 0.125
2 0.38359375 0.28359375000000003 0.2171875 0.2421875
2 0.42500000000000004 0.5078125 0.05 0.065625
2 0.64453125 0.45156250000000003 0.11406250000000001 0.16562500000000002
2 0.8289062500000001 0.565625 0.2546875 0.184375
1 0.66015625 0.6804687500000001 0.4109375 0.3609375
2 0.30312500000000003 0.42265625 0.059375000000000004 0.06406250000000001
