2 0.43125 0.6062500000000001 0.08125 0.065625
2 0.259375 0.7156250000000001 0.1875 0.134375
2 0.171875 0.5828125000000001 0.06875 0.08750000000000001
2 0.24765625000000002 0.625 0.0421875 0.025
2 0.034375 0.71484375 0.065625 0.1296875
2 0.37109375 0.2328125 0.21406250000000002 0.24375000000000002
2 0.39609375 0.47578125000000004 0.0484375 0.0671875
2 0.6359375 0.43359375 0.109375 0.1703125
2 0.82421875 0.571875 0.2609375 0.178125
1 0.634375 0.6804687500000001 0.415625 0.35781250000000003
2 0.2734375 0.37421875000000004 0.059375000000000004 0.06406250000000001
