0 0.628125 0.55859375 0.078125 0.1078125
0 0.48828125 0.5671875000000001 0.09531250000000001 0.084375
0 0.40234375 0.5640625 0.035937500000000004 0.034375
0 0.5046875000000001 0.48203125 0.046875 0.0421875
0 0.34921875 0.37890625 0.0390625 0.0484375
0 0.73046875 0.50234375 0.0390625 0.0578125
0 0.6859375000000001 0.51328125 0.0625 0.0890625
0 0.8054687500000001 0.6265625 0.0390625 0.05
0 0.8992187500000001 0.534375 0.0328125 0.05
0 0.69453125 0.3921875 0.0328125 0.040625
0 0.9281250000000001 0.68515625 0.028125 0.0546875
0 0.8406250000000001 0.6734375 0.028125 0.028125
