0 0.57734375 0.2 0.2546875 0.246875
0 0.67890625 0.32343750000000004 0.035937500000000004 0.025
0 0.721875 0.24921875000000002 0.034375 0.0234375
0 0.434375 0.31640625 0.03125 0.0421875
0 0.5453125 0.39453125 0.025 0.0328125
0 0.45078125 0.3984375 0.1046875 0.10625000000000001
0 0.47265625 0.54609375 0.1046875 0.0921875
0 0.9148437500000001 0.57421875 0.026562500000000003 0.060937500000000006
0 0.90546875 0.7421875 0.0234375 0.05625
0 0.7992187500000001 0.6414062500000001 0.0390625 0.0578125
0 0.8187500000000001 0.70234375 0.025 0.0328125
0 0.7585937500000001 0.49296875 0.0328125 0.0546875
0 0.70859375 0.49843750000000003 0.0703125 0.1
0 0.73203125 0.6976562500000001 0.0703125 0.08281250000000001
0 0.6296875000000001 0.75 0.0625 0.09375
0 0.6015625 0.88671875 0.16875 0.1703125
0 0.46171875 0.7210937500000001 0.0671875 0.1390625
0 0.49765625 0.6328125 0.035937500000000004 0.059375000000000004
