0 0.86640625 0.465625 0.0546875 0.040625
0 0.9281250000000001 0.47734375 0.037500000000000006 0.0328125
0 0.86640625 0.32734375000000004 0.06406250000000001 0.029687500000000002
0 0.7171875000000001 0.42734375 0.05625 0.0390625
0 0.6976562500000001 0.4734375 0.09843750000000001 0.078125
0 0.71640625 0.64453125 0.045312500000000006 0.0421875
0 0.7312500000000001 0.7523437500000001 0.096875 0.11406250000000001
0 0.58203125 0.71796875 0.0890625 0.08281250000000001
0 0.6046875 0.58828125 0.06875 0.08281250000000001
0 0.56953125 0.41484375 0.045312500000000006 0.0546875
0 0.48750000000000004 0.30234375 0.03125 0.045312500000000006
0 0.48359375000000004 0.38359375 0.1078125 0.1046875
0 0.43593750000000003 0.54296875 0.043750000000000004 0.0390625
0 0.5265625 0.5125000000000001 0.06875 0.034375
0 0.41250000000000003 0.696875 0.078125 0.134375
0 0.52265625 0.8562500000000001 0.045312500000000006 0.059375000000000004
0 0.5265625 0.9359375000000001 0.09375 0.10312500000000001
0 0.45234375000000004 0.86328125 0.0421875 0.06406250000000001
