0 0.19765625 0.5265625 0.1296875 0.13125
0 0.29140625000000003 0.5789062500000001 0.0578125 0.0546875
0 0.32890625 0.42500000000000004 0.11093750000000001 0.10625000000000001
0 0.41328125000000004 0.525 0.0859375 0.096875
0 0.55 0.48828125 0.15000000000000002 0.1296875
0 0.640625 0.60703125 0.13125 0.1328125
0 0.55625 0.6351562500000001 0.05625 0.06406250000000001
0 0.6875 0.67890625 0.043750000000000004 0.045312500000000006
0 0.41953125 0.67109375 0.09843750000000001 0.0921875
0 0.42890625000000004 0.72265625 0.0578125 0.0546875
0 0.284375 0.7859375000000001 0.059375000000000004 0.05
0 0.36796875 0.8984375 0.0734375 0.053125000000000006
0 0.22421875000000002 0.8171875000000001 0.0390625 0.037500000000000006
