0 0.51015625 0.16562500000000002 0.060937500000000006 0.059375000000000004
0 0.421875 0.15703125 0.05625 0.051562500000000004
0 0.43125 0.26640625 0.109375 0.09843750000000001
0 0.37109375 0.296875 0.1234375 0.12812500000000002
0 0.35078125000000004 0.37343750000000003 0.0390625 0.043750000000000004
0 0.48515625 0.4109375 0.0546875 0.0625
0 0.39921875 0.43828125 0.1296875 0.1296875
0 0.496875 0.55625 0.15000000000000002 0.12812500000000002
0 0.6328125 0.5171875 0.084375 0.09375
0 0.7203125 0.6179687500000001 0.115625 0.11093750000000001
0 0.8421875000000001 0.5164062500000001 0.1375 0.1390625
0 0.7484375000000001 0.46015625000000004 0.05625 0.051562500000000004
0 0.7523437500000001 0.25078125 0.06406250000000001 0.0546875
0 0.665625 0.1453125 0.07187500000000001 0.05625
0 0.81015625 0.2234375 0.0421875 0.037500000000000006
0 0.61640625 0.3171875 0.0671875 0.05625
0 0.6234375000000001 0.37031250000000004 0.109375 0.10312500000000001
