0 0.6984375 0.36640625000000004 0.05 0.060937500000000006
0 0.6296875000000001 0.23359375000000002 0.043750000000000004 0.051562500000000004
0 0.5789062500000001 0.35000000000000003 0.045312500000000006 0.05
0 0.5765625 0.29375 0.03125 0.03125
0 0.59375 0.48359375000000004 0.043750000000000004 0.0484375
0 0.55234375 0.496875 0.07968750000000001 0.09062500000000001
0 0.62421875 0.57578125 0.045312500000000006 0.051562500000000004
0 0.4859375 0.6421875 0.046875 0.05625
0 0.41796875 0.65546875 0.1078125 0.1015625
0 0.40078125000000003 0.728125 0.0421875 0.043750000000000004
0 0.42109375000000004 0.5296875 0.09843750000000001 0.109375
0 0.6671875 0.7054687500000001 0.096875 0.08281250000000001
0 0.6156250000000001 0.73359375 0.109375 0.11406250000000001
0 0.76953125 0.69453125 0.0484375 0.045312500000000006
0 0.7367187500000001 0.76484375 0.045312500000000006 0.0421875
