0 0.215625 0.5710937500000001 0.034375 0.0671875
0 0.21406250000000002 0.7578125 0.034375 0.053125000000000006
0 0.33828125000000003 0.6585937500000001 0.0390625 0.0484375
0 0.30859375 0.721875 0.026562500000000003 0.03125
0 0.39921875 0.5015625 0.035937500000000004 0.05
0 0.45234375000000004 0.5109375 0.06406250000000001 0.09375
0 0.41875 0.38203125000000004 0.034375 0.0546875
0 0.6101562500000001 0.38906250000000003 0.035937500000000004 0.059375000000000004
0 0.69296875 0.41328125000000004 0.1046875 0.0890625
0 0.75390625 0.34375 0.035937500000000004 0.043750000000000004
0 0.61640625 0.5515625000000001 0.07968750000000001 0.1125
0 0.44609375 0.21484375 0.1046875 0.060937500000000006
0 0.51953125 0.21328125 0.09531250000000001 0.11093750000000001
0 0.32656250000000003 0.16796875 0.046875 0.0390625
0 0.403125 0.10859375 0.046875 0.035937500000000004
