2 0.5796875 0.7375 0.07187500000000001 0.0625
2 0.57578125 0.6046875 0.1015625 0.1
2 0.6296875000000001 0.5046875000000001 0.15000000000000002 0.15000000000000002
2 0.6570312500000001 0.57734375 0.029687500000000002 0.026562500000000003
2 0.721875 0.65234375 0.084375 0.0859375
2 0.81171875 0.5890625 0.13593750000000002 0.16875
2 0.7078125000000001 0.578125 0.08750000000000001 0.096875
2 0.77265625 0.6140625000000001 0.0484375 0.043750000000000004
2 0.7273437500000001 0.42734375 0.1171875 0.1234375
2 0.5984375000000001 0.42578125 0.05 0.051562500000000004
2 0.5320312500000001 0.48828125 0.1453125 0.1234375
2 0.42578125 0.49140625000000004 0.0734375 0.06406250000000001
2 0.403125 0.5875 0.07187500000000001 0.065625
1 0.53046875 0.2859375 0.4609375 0.47500000000000003
