1 0.65625 0.7468750000000001 0.30625 0.31562500000000004
2 0.53046875 0.25625000000000003 0.0421875 0.05
2 0.50546875 0.46718750000000003 0.045312500000000006 0.037500000000000006
2 0.453125 0.27109375 0.046875 0.0671875
2 0.5015625 0.5453125 0.08750000000000001 0.09062500000000001
2 0.45703125 0.59375 0.0890625 0.13125
2 0.403125 0.721875 0.26875 0.19375
2 0.67109375 0.46953125 0.1640625 0.17343750000000002
2 0.58203125 0.465625 0.0328125 0.053125000000000006
2 0.71484375 0.5789062500000001 0.32343750000000004 0.1859375
