2 0.375 0.34453125 0.20625000000000002 0.19843750000000002
2 0.55078125 0.41328125000000004 0.051562500000000004 0.0671875
2 0.48125 0.43515625 0.046875 0.051562500000000004
2 0.29765625 0.46718750000000003 0.0765625 0.078125
2 0.21640625000000002 0.4078125 0.0390625 0.053125000000000006
2 0.7265625 0.47734375 0.3125 0.2859375
2 0.4421875 0.50703125 0.046875 0.035937500000000004
1 0.31328125 0.5593750000000001 0.3765625 0.321875
2 0.51484375 0.5546875 0.06406250000000001 0.05
2 0.47265625 0.6734375 0.16718750000000002 0.140625
2 0.56640625 0.74921875 0.1234375 0.1078125
