0 0.50234375 0.46796875000000004 0.0703125 0.0421875
0 0.484375 0.54140625 0.03125 0.026562500000000003
0 0.5085937500000001 0.6156250000000001 0.1046875 0.0625
0 0.48828125 0.7585937500000001 0.026562500000000003 0.0328125
0 0.61484375 0.5945312500000001 0.0328125 0.035937500000000004
0 0.76171875 0.28828125 0.045312500000000006 0.0578125
0 0.24140625000000002 0.52578125 0.38906250000000003 0.2828125
0 0.53046875 0.25625000000000003 0.060937500000000006 0.05625
0 0.6265625 0.19687500000000002 0.078125 0.078125
0 0.39687500000000003 0.14609375 0.028125 0.035937500000000004
0 0.50703125 0.1328125 0.1171875 0.171875
0 0.38906250000000003 0.04453125 0.0625 0.0734375
0 0.45859375 0.02421875 0.051562500000000004 0.026562500000000003
