0 0.5242187500000001 0.49609375 0.060937500000000006 0.0421875
0 0.53125 0.5578125 0.028125 0.025
0 0.50390625 0.6156250000000001 0.0921875 0.0625
0 0.5046875000000001 0.73359375 0.025 0.029687500000000002
0 0.41953125 0.5875 0.029687500000000002 0.03125
0 0.33203125 0.32265625000000003 0.0421875 0.051562500000000004
0 0.73046875 0.5710937500000001 0.3453125 0.2703125
0 0.5234375 0.32109375 0.05625 0.051562500000000004
0 0.45156250000000003 0.2625 0.07187500000000001 0.07187500000000001
0 0.6429687500000001 0.24531250000000002 0.026562500000000003 0.03125
0 0.5554687500000001 0.2234375 0.11406250000000001 0.153125
0 0.66015625 0.1640625 0.0578125 0.065625
0 0.6062500000000001 0.13984375000000002 0.043750000000000004 0.026562500000000003
