1 0.4109375 0.38671875 0.403125 0.3953125
2 0.353125 0.52890625 0.08750000000000001 0.0765625
2 0.43593750000000003 0.58984375 0.07187500000000001 0.0671875
2 0.6609375000000001 0.596875 0.043750000000000004 0.034375
2 0.6390625000000001 0.6765625000000001 0.028125 0.037500000000000006
2 0.434375 0.7125 0.096875 0.065625
2 0.35703125 0.690625 0.07968750000000001 0.078125
2 0.32656250000000003 0.5875 0.034375 0.021875000000000002
2 0.32109375 0.63203125 0.0421875 0.0390625
2 0.56171875 0.6203125 0.035937500000000004 0.034375
