1 0.54453125 0.5984375000000001 0.35468750000000004 0.375
2 0.2921875 0.55625 0.16562500000000002 0.14375000000000002
2 0.5632812500000001 0.6804687500000001 0.0671875 0.06406250000000001
2 0.55859375 0.578125 0.0578125 0.08125
2 0.67109375 0.6820312500000001 0.0671875 0.0671875
2 0.65 0.78515625 0.040625 0.035937500000000004
2 0.6062500000000001 0.290625 0.053125000000000006 0.053125000000000006
2 0.53359375 0.37343750000000003 0.2390625 0.19375
2 0.671875 0.41875 0.171875 0.17500000000000002
2 0.4546875 0.48203125 0.05 0.0546875
