0 0.7976562500000001 0.39765625000000004 0.045312500000000006 0.0328125
0 0.73828125 0.43281250000000004 0.060937500000000006 0.059375000000000004
0 0.8484375000000001 0.5828125000000001 0.0625 0.065625
0 0.6796875 0.54921875 0.028125 0.026562500000000003
0 0.63671875 0.55234375 0.0328125 0.0328125
0 0.6742187500000001 0.32109375 0.1078125 0.1203125
0 0.51171875 0.21875 0.2546875 0.3125
0 0.3765625 0.37265625 0.21875 0.1390625
0 0.38828125 0.43203125000000003 0.0234375 0.0171875
0 0.2890625 0.49609375 0.015625 0.0171875
0 0.26953125 0.30234375 0.0203125 0.026562500000000003
0 0.17500000000000002 0.253125 0.034375 0.025
0 0.30625 0.54921875 0.021875000000000002 0.026562500000000003
0 0.25078125 0.60859375 0.0734375 0.0734375
0 0.2828125 0.6585937500000001 0.043750000000000004 0.029687500000000002
0 0.4890625 0.6351562500000001 0.065625 0.0921875
0 0.45390625 0.54453125 0.060937500000000006 0.060937500000000006
0 0.36484375 0.61328125 0.1421875 0.15781250000000002
0 0.36484375 0.48281250000000003 0.0328125 0.025
0 0.27109375 0.40546875000000004 0.0203125 0.0171875
