2 0.42734375 0.33046875000000003 0.1328125 0.1453125
2 0.47109375000000003 0.43359375 0.1296875 0.1203125
2 0.46875 0.503125 0.07187500000000001 0.0625
2 0.47578125000000004 0.5796875 0.0859375 0.10625000000000001
2 0.5609375 0.54140625 0.05 0.051562500000000004
2 0.5515625000000001 0.6039062500000001 0.034375 0.0390625
2 0.52890625 0.63828125 0.0546875 0.06406250000000001
2 0.52578125 0.70625 0.0546875 0.040625
2 0.48281250000000003 0.67109375 0.05 0.08281250000000001
2 0.41875 0.6765625000000001 0.115625 0.12812500000000002
2 0.30546875 0.6359375 0.051562500000000004 0.0625
2 0.35781250000000003 0.5609375 0.08750000000000001 0.1
1 0.59921875 0.775 0.27968750000000003 0.234375
