0 0.7015625000000001 0.37421875000000004 0.225 0.1296875
0 0.68671875 0.49453125000000003 0.0234375 0.0203125
0 0.84140625 0.3171875 0.0203125 0.018750000000000003
0 0.96015625 0.2890625 0.0421875 0.025
0 0.64375 0.2390625 0.25 0.17500000000000002
0 0.47109375000000003 0.16953125000000002 0.1703125 0.3359375
0 0.43671875000000004 0.66171875 0.09531250000000001 0.1203125
0 0.5476562500000001 0.66328125 0.0203125 0.035937500000000004
0 0.45156250000000003 0.76171875 0.040625 0.0390625
0 0.53125 0.7625000000000001 0.05625 0.07500000000000001
0 0.35781250000000003 0.5046875000000001 0.03125 0.034375
0 0.3125 0.48984375 0.025 0.029687500000000002
0 0.275 0.3453125 0.0625 0.065625
0 0.11015625000000001 0.48203125 0.0671875 0.06406250000000001
