3 0.41250000000000003 0.5632812500000001 0.07500000000000001 0.07968750000000001
3 0.35078125000000004 0.55703125 0.06406250000000001 0.06406250000000001
3 0.39765625000000004 0.69453125 0.1921875 0.1609375
3 0.5421875 0.446875 0.078125 0.07187500000000001
3 0.6421875 0.4421875 0.096875 0.084375
3 0.640625 0.5281250000000001 0.08125 0.07187500000000001
3 0.5515625000000001 0.6078125000000001 0.065625 0.05625
3 0.6015625 0.58125 0.043750000000000004 0.040625
3 0.39140625 0.26171875 0.0734375 0.0671875
3 0.41328125000000004 0.390625 0.0859375 0.07500000000000001
