3 0.40625 0.546875 0.06875 0.07500000000000001
3 0.34453125 0.5296875 0.060937500000000006 0.059375000000000004
3 0.37031250000000004 0.67578125 0.1875 0.1421875
3 0.55390625 0.44921875 0.0734375 0.0671875
3 0.65546875 0.46015625000000004 0.09531250000000001 0.0765625
3 0.63984375 0.54609375 0.07968750000000001 0.06406250000000001
3 0.53828125 0.6125 0.06406250000000001 0.05
3 0.59375 0.59375 0.040625 0.037500000000000006
3 0.43046875 0.23984375000000002 0.0703125 0.060937500000000006
3 0.43281250000000004 0.371875 0.08125 0.06875
