3 0.42265625 0.5703125 0.0734375 0.078125
3 0.36250000000000004 0.56875 0.0625 0.0625
3 0.41875 0.6953125 0.184375 0.15937500000000002
3 0.53515625 0.44921875 0.0765625 0.0703125
3 0.62890625 0.43671875000000004 0.09531250000000001 0.08281250000000001
3 0.6335937500000001 0.51796875 0.07968750000000001 0.0703125
3 0.55703125 0.6000000000000001 0.06406250000000001 0.05625
3 0.6023437500000001 0.571875 0.0421875 0.040625
3 0.3765625 0.28671875 0.07187500000000001 0.0671875
3 0.4078125 0.40625 0.084375 0.07500000000000001
