0 0.5437500000000001 0.6359375 0.07500000000000001 0.08125
0 0.5953125 0.68671875 0.059375000000000004 0.06406250000000001
0 0.5906250000000001 0.7406250000000001 0.040625 0.043750000000000004
0 0.5281250000000001 0.765625 0.06875 0.07187500000000001
0 0.7671875 0.63203125 0.16875 0.1796875
0 0.6742187500000001 0.45390625 0.1796875 0.1265625
0 0.5476562500000001 0.36640625000000004 0.0578125 0.060937500000000006
0 0.55234375 0.27890625 0.051562500000000004 0.051562500000000004
0 0.5796875 0.42734375 0.034375 0.035937500000000004
0 0.51875 0.41171875 0.028125 0.026562500000000003
0 0.6531250000000001 0.1859375 0.2625 0.27187500000000003
0 0.390625 0.6046875 0.028125 0.028125
0 0.41875 0.5789062500000001 0.03125 0.029687500000000002
0 0.4234375 0.7195312500000001 0.0625 0.060937500000000006
0 0.25078125 0.6898437500000001 0.0734375 0.0734375
