3 0.53125 0.41953125 0.178125 0.1765625
3 0.6570312500000001 0.43203125000000003 0.09531250000000001 0.09843750000000001
3 0.39609375 0.48046875 0.1296875 0.1265625
3 0.47187500000000004 0.6062500000000001 0.07187500000000001 0.065625
3 0.609375 0.65234375 0.134375 0.1328125
3 0.7273437500000001 0.5875 0.1703125 0.19062500000000002
3 0.65234375 0.7328125000000001 0.0578125 0.059375000000000004
3 0.534375 0.8250000000000001 0.215625 0.203125
3 0.39687500000000003 0.6421875 0.1 0.08750000000000001
3 0.3140625 0.8367187500000001 0.0625 0.0546875
3 0.32734375000000004 0.7820312500000001 0.15781250000000002 0.1328125
