3 0.6421875 0.7515625 0.14375000000000002 0.125
3 0.7390625000000001 0.62421875 0.053125000000000006 0.07968750000000001
3 0.734375 0.54453125 0.05 0.0890625
3 0.69296875 0.53515625 0.045312500000000006 0.06406250000000001
3 0.5554687500000001 0.5632812500000001 0.09531250000000001 0.0734375
3 0.5375 0.62265625 0.059375000000000004 0.045312500000000006
3 0.44765625000000003 0.7351562500000001 0.035937500000000004 0.045312500000000006
3 0.55703125 0.72265625 0.0390625 0.0390625
3 0.48203125 0.4859375 0.2109375 0.21250000000000002
3 0.32109375 0.721875 0.1015625 0.1125
3 0.21640625000000002 0.70078125 0.0578125 0.0890625
3 0.2671875 0.6492187500000001 0.05 0.0578125
