0 0.45703125 0.36640625000000004 0.060937500000000006 0.07968750000000001
0 0.48203125 0.28125 0.0484375 0.0625
0 0.4453125 0.2265625 0.034375 0.040625
0 0.3640625 0.23593750000000002 0.059375000000000004 0.065625
0 0.6984375 0.23984375000000002 0.140625 0.17343750000000002
0 0.70234375 0.48515625 0.22031250000000002 0.0546875
0 0.6179687500000001 0.65234375 0.0484375 0.0578125
0 0.675 0.7445312500000001 0.043750000000000004 0.0484375
0 0.6171875 0.56875 0.03125 0.03125
0 0.56171875 0.62109375 0.026562500000000003 0.0234375
0 0.8367187500000001 0.78515625 0.2265625 0.2546875
0 0.31015625 0.4890625 0.026562500000000003 0.025
0 0.35546875 0.5015625 0.029687500000000002 0.025
0 0.278125 0.34687500000000004 0.059375000000000004 0.053125000000000006
0 0.11015625000000001 0.48046875 0.0671875 0.06406250000000001
