0 0.51015625 0.65390625 0.08281250000000001 0.0921875
0 0.45703125 0.71875 0.06406250000000001 0.07187500000000001
0 0.46796875000000004 0.77890625 0.045312500000000006 0.0484375
0 0.5421875 0.8015625000000001 0.07500000000000001 0.078125
0 0.25390625 0.6734375 0.1859375 0.203125
0 0.34218750000000003 0.46015625000000004 0.209375 0.1296875
0 0.47734375 0.34687500000000004 0.06406250000000001 0.06875
0 0.4625 0.24609375 0.05625 0.0578125
0 0.446875 0.41953125 0.037500000000000006 0.0390625
0 0.5140625 0.39453125 0.03125 0.029687500000000002
0 0.3375 0.15234375 0.290625 0.3015625
0 0.6828125 0.603125 0.03125 0.03125
0 0.6484375 0.57578125 0.034375 0.0328125
0 0.6570312500000001 0.7375 0.0703125 0.06875
0 0.8523437500000001 0.6843750000000001 0.08281250000000001 0.08125
