3 0.525 0.65546875 0.065625 0.0734375
3 0.47578125000000004 0.72578125 0.0484375 0.035937500000000004
3 0.34375 0.63203125 0.10312500000000001 0.09843750000000001
3 0.36171875000000003 0.503125 0.21406250000000002 0.14375000000000002
3 0.41953125 0.4109375 0.1078125 0.09375
3 0.58046875 0.42500000000000004 0.13593750000000002 0.1
3 0.73046875 0.29375 0.0703125 0.0625
3 0.8390625 0.38203125000000004 0.043750000000000004 0.060937500000000006
3 0.6937500000000001 0.56796875 0.21875 0.22031250000000002
3 0.53125 0.35625 0.08125 0.078125
3 0.503125 0.18828125 0.25 0.2609375
