3 0.31953125000000004 0.24765625000000002 0.0734375 0.06406250000000001
3 0.46484375 0.35781250000000003 0.045312500000000006 0.046875
3 0.5046875000000001 0.34296875000000004 0.043750000000000004 0.045312500000000006
3 0.57734375 0.38828125 0.051562500000000004 0.0765625
3 0.62890625 0.5140625 0.1296875 0.109375
3 0.6742187500000001 0.44375000000000003 0.0921875 0.09375
3 0.3296875 0.52265625 0.07500000000000001 0.0546875
3 0.36015625 0.5710937500000001 0.0546875 0.0484375
3 0.42578125 0.5750000000000001 0.07968750000000001 0.1
3 0.2484375 0.48281250000000003 0.07187500000000001 0.07500000000000001
3 0.3515625 0.39609375 0.06875 0.0703125
