3 0.5437500000000001 0.7515625 0.10625000000000001 0.10312500000000001
3 0.6125 0.82734375 0.065625 0.0484375
3 0.79453125 0.5546875 0.3609375 0.171875
3 0.36875 0.5875 0.1 0.09375
3 0.3671875 0.478125 0.037500000000000006 0.037500000000000006
3 0.53671875 0.4859375 0.1328125 0.1
3 0.51875 0.35390625000000003 0.15000000000000002 0.18906250000000002
3 0.61328125 0.36015625 0.0671875 0.0578125
3 0.39375000000000004 0.33984375 0.10312500000000001 0.1234375
3 0.509375 0.19609375 0.06875 0.0734375
3 0.33984375 0.134375 0.13593750000000002 0.10625000000000001
