3 0.33359375 0.6453125000000001 0.1765625 0.134375
3 0.60859375 0.5085937500000001 0.0765625 0.045312500000000006
3 0.74140625 0.51953125 0.1796875 0.1015625
3 0.7210937500000001 0.34921875 0.0546875 0.0328125
3 0.5593750000000001 0.246875 0.08750000000000001 0.05625
3 0.38671875 0.21484375 0.0484375 0.026562500000000003
3 0.4078125 0.05390625 0.09062500000000001 0.060937500000000006
3 0.20703125 0.37578125 0.0484375 0.0578125
3 0.1484375 0.5046875000000001 0.29375 0.22812500000000002
3 0.12734375 0.24531250000000002 0.1921875 0.234375
