3 0.5578125 0.50703125 0.08125 0.051562500000000004
3 0.49375 0.56953125 0.0625 0.051562500000000004
3 0.640625 0.7195312500000001 0.07500000000000001 0.0703125
3 0.696875 0.58984375 0.1625 0.1015625
3 0.71796875 0.37812500000000004 0.11406250000000001 0.096875
3 0.52109375 0.3015625 0.0859375 0.096875
3 0.45703125 0.284375 0.0734375 0.11875000000000001
3 0.340625 0.24921875000000002 0.10625000000000001 0.1609375
3 0.16562500000000002 0.35390625000000003 0.05625 0.0578125
3 0.19609375 0.42421875000000003 0.0421875 0.045312500000000006
3 0.25 0.3171875 0.07187500000000001 0.07187500000000001
