3 0.51796875 0.35000000000000003 0.1046875 0.10312500000000001
3 0.6828125 0.28203125 0.1 0.1078125
3 0.7429687500000001 0.371875 0.0890625 0.07500000000000001
3 0.63046875 0.353125 0.0328125 0.040625
3 0.27968750000000003 0.359375 0.178125 0.1375
3 0.25234375000000003 0.57421875 0.0859375 0.0859375
3 0.353125 0.5867187500000001 0.134375 0.1046875
3 0.43125 0.6882812500000001 0.0625 0.06406250000000001
3 0.634375 0.7390625000000001 0.28750000000000003 0.225
3 0.63046875 0.49531250000000004 0.1421875 0.125
3 0.6843750000000001 0.6546875000000001 0.24375000000000002 0.203125
3 0.8015625000000001 0.53671875 0.30625 0.2734375
