3 0.72421875 0.48046875 0.13593750000000002 0.1484375
3 0.31484375000000003 0.6218750000000001 0.0546875 0.06875
3 0.25546875 0.46015625000000004 0.1265625 0.1453125
3 0.40234375 0.49765625 0.1046875 0.0859375
3 0.6015625 0.4421875 0.05 0.05
3 0.37812500000000004 0.37812500000000004 0.109375 0.07500000000000001
3 0.3796875 0.29921875000000003 0.134375 0.1078125
3 0.47265625 0.28750000000000003 0.0546875 0.05625
3 0.5765625 0.3171875 0.234375 0.24375000000000002
3 0.68671875 0.57578125 0.06406250000000001 0.0546875
3 0.58984375 0.66953125 0.1296875 0.1328125
