3 0.49140625000000004 0.35546875 0.09531250000000001 0.0921875
3 0.6414062500000001 0.26406250000000003 0.0890625 0.096875
3 0.71484375 0.34218750000000003 0.08281250000000001 0.065625
3 0.6015625 0.340625 0.028125 0.037500000000000006
3 0.26015625000000003 0.40156250000000004 0.16718750000000002 0.115625
3 0.26796875000000003 0.61484375 0.0765625 0.0765625
3 0.36796875 0.6101562500000001 0.1265625 0.0890625
3 0.45937500000000003 0.6976562500000001 0.05625 0.0578125
3 0.6648437500000001 0.71640625 0.2703125 0.18906250000000002
3 0.62265625 0.47890625000000003 0.1328125 0.1078125
3 0.70078125 0.6257812500000001 0.2265625 0.17343750000000002
3 0.796875 0.49296875 0.28125 0.2390625
