3 0.3203125 0.5453125 0.140625 0.15000000000000002
3 0.7359375 0.4453125 0.059375000000000004 0.06875
3 0.7781250000000001 0.6101562500000001 0.13125 0.1453125
3 0.63828125 0.55859375 0.1046875 0.0890625
3 0.4375 0.5945312500000001 0.05 0.051562500000000004
3 0.65 0.6781250000000001 0.10625000000000001 0.08125
3 0.6414062500000001 0.7546875000000001 0.1328125 0.1125
3 0.5484375 0.7585937500000001 0.05625 0.0578125
3 0.45 0.71796875 0.240625 0.2484375
3 0.3671875 0.45390625 0.065625 0.0578125
3 0.47109375000000003 0.371875 0.1328125 0.134375
