3 0.34921875 0.57265625 0.0578125 0.060937500000000006
3 0.2890625 0.59765625 0.05 0.0328125
3 0.35625 0.70625 0.14375000000000002 0.16875
3 0.45234375000000004 0.56796875 0.0484375 0.0546875
3 0.54609375 0.70234375 0.18906250000000002 0.33906250000000004
3 0.6492187500000001 0.61875 0.06406250000000001 0.06875
3 0.6515625 0.7421875 0.171875 0.16562500000000002
3 0.56953125 0.42265625 0.27968750000000003 0.2421875
3 0.5234375 0.290625 0.13125 0.09062500000000001
3 0.79453125 0.35625 0.2171875 0.125
