3 0.7210937500000001 0.4625 0.06406250000000001 0.06875
3 0.7992187500000001 0.44062500000000004 0.0578125 0.034375
3 0.73203125 0.296875 0.15781250000000002 0.19375
3 0.59375 0.45390625 0.053125000000000006 0.06406250000000001
3 0.496875 0.275 0.19062500000000002 0.403125
3 0.35703125 0.36328125 0.0703125 0.07968750000000001
3 0.371875 0.21015625000000002 0.19375 0.1859375
3 0.42812500000000003 0.61640625 0.31875000000000003 0.2671875
3 0.46640625 0.78671875 0.1546875 0.09531250000000001
3 0.140625 0.6671875 0.25625000000000003 0.12812500000000002
