0 0.7875000000000001 0.22109375 0.053125000000000006 0.0734375
0 0.81171875 0.30390625000000004 0.0734375 0.09843750000000001
0 0.67890625 0.3875 0.1921875 0.078125
0 0.60703125 0.3609375 0.026562500000000003 0.021875000000000002
0 0.49843750000000003 0.54296875 0.06875 0.0671875
0 0.44453125000000004 0.56484375 0.0328125 0.0421875
0 0.44453125000000004 0.6859375000000001 0.0484375 0.053125000000000006
0 0.43593750000000003 0.74140625 0.028125 0.0390625
0 0.28671875 0.6898437500000001 0.0328125 0.0484375
0 0.41328125000000004 0.48203125 0.0390625 0.0328125
0 0.34609375000000003 0.8078125 0.0328125 0.040625
0 0.30546875 0.77265625 0.0234375 0.026562500000000003
0 0.7203125 0.26171875 0.018750000000000003 0.0234375
