0 0.7265625 0.88203125 0.0625 0.0765625
0 0.7601562500000001 0.83125 0.051562500000000004 0.059375000000000004
0 0.7734375 0.78046875 0.078125 0.0734375
0 0.65 0.6898437500000001 0.19687500000000002 0.1203125
0 0.571875 0.703125 0.028125 0.028125
0 0.553125 0.7507812500000001 0.034375 0.0421875
0 0.5796875 0.8460937500000001 0.018750000000000003 0.0234375
0 0.6664062500000001 0.82734375 0.0234375 0.029687500000000002
0 0.71640625 0.7781250000000001 0.0234375 0.025
0 0.49453125000000003 0.503125 0.0671875 0.059375000000000004
0 0.45156250000000003 0.46875 0.043750000000000004 0.046875
0 0.47734375 0.34296875000000004 0.0546875 0.0578125
0 0.31953125000000004 0.30625 0.0390625 0.053125000000000006
0 0.40546875000000004 0.19765625 0.0421875 0.051562500000000004
0 0.48046875 0.28515625 0.029687500000000002 0.0328125
0 0.35625 0.22890625 0.03125 0.029687500000000002
0 0.40390625 0.5437500000000001 0.0484375 0.043750000000000004
0 0.6492187500000001 0.53515625 0.18281250000000002 0.1796875
0 0.88828125 0.35546875 0.0546875 0.045312500000000006
0 0.5750000000000001 0.41250000000000003 0.018750000000000003 0.018750000000000003
