3 0.5578125 0.5593750000000001 0.084375 0.10625000000000001
3 0.6375000000000001 0.43359375 0.13125 0.17343750000000002
3 0.5867187500000001 0.71484375 0.06406250000000001 0.0734375
3 0.5203125000000001 0.7875000000000001 0.05625 0.046875
3 0.31015625 0.57421875 0.0421875 0.035937500000000004
3 0.46796875000000004 0.47109375000000003 0.045312500000000006 0.045312500000000006
3 0.31796875 0.7109375 0.1046875 0.125
3 0.23046875 0.7054687500000001 0.0328125 0.0328125
3 0.31015625 0.4890625 0.06406250000000001 0.053125000000000006
3 0.496875 0.2546875 0.234375 0.31562500000000004
