0 0.28984375 0.37734375000000003 0.1328125 0.0578125
0 0.33046875000000003 0.275 0.1609375 0.10625000000000001
0 0.1625 0.21015625000000002 0.11875000000000001 0.11406250000000001
0 0.2859375 0.08281250000000001 0.209375 0.1625
0 0.328125 0.54140625 0.05 0.0421875
0 0.415625 0.46875 0.025 0.025
0 0.41718750000000004 0.534375 0.046875 0.05625
0 0.35703125 0.6687500000000001 0.1203125 0.18125000000000002
0 0.3203125 0.828125 0.037500000000000006 0.05
0 0.38515625000000003 0.8265625000000001 0.060937500000000006 0.10625000000000001
0 0.64453125 0.59921875 0.13593750000000002 0.1203125
0 0.60078125 0.45546875000000003 0.051562500000000004 0.051562500000000004
0 0.71484375 0.3453125 0.060937500000000006 0.05
0 0.78828125 0.2546875 0.035937500000000004 0.03125
0 0.8617187500000001 0.3328125 0.0859375 0.059375000000000004
