0 0.16171875000000002 0.5710937500000001 0.051562500000000004 0.0546875
0 0.21406250000000002 0.5828125000000001 0.053125000000000006 0.0625
0 0.26015625000000003 0.5984375000000001 0.045312500000000006 0.05
0 0.3296875 0.59609375 0.053125000000000006 0.060937500000000006
0 0.31640625 0.6531250000000001 0.045312500000000006 0.053125000000000006
0 0.40625 0.62109375 0.11875000000000001 0.0890625
0 0.44609375 0.25625000000000003 0.13593750000000002 0.240625
0 0.6375000000000001 0.41171875 0.08125 0.09843750000000001
0 0.7046875 0.30078125 0.03125 0.0328125
0 0.7523437500000001 0.6843750000000001 0.2609375 0.38125000000000003
