0 0.15781250000000002 0.52578125 0.046875 0.045312500000000006
0 0.2078125 0.5453125 0.05 0.053125000000000006
0 0.25078125 0.56640625 0.0390625 0.045312500000000006
0 0.32265625000000003 0.5750000000000001 0.0578125 0.05
0 0.3953125 0.6039062500000001 0.1125 0.0765625
0 0.30625 0.6273437500000001 0.046875 0.0421875
0 0.48203125 0.6640625 0.035937500000000004 0.037500000000000006
0 0.48203125 0.74375 0.0546875 0.125
0 0.31484375000000003 0.47109375000000003 0.0890625 0.0546875
0 0.41640625000000003 0.45703125 0.060937500000000006 0.06406250000000001
0 0.371875 0.35078125000000004 0.11875000000000001 0.1484375
0 0.45937500000000003 0.30859375 0.025 0.0390625
0 0.3484375 0.24375000000000002 0.037500000000000006 0.046875
0 0.41484375 0.22421875000000002 0.060937500000000006 0.0734375
0 0.59765625 0.36875 0.0390625 0.07500000000000001
0 0.79609375 0.3171875 0.0765625 0.06875
0 0.6734375 0.51796875 0.03125 0.035937500000000004
0 0.6882812500000001 0.47968750000000004 0.0234375 0.028125
0 0.59921875 0.64375 0.1265625 0.09062500000000001
0 0.7273437500000001 0.6578125 0.07968750000000001 0.037500000000000006
0 0.74140625 0.7546875000000001 0.2328125 0.16875
