0 0.21015625000000002 0.3828125 0.0546875 0.05625
0 0.24609375 0.41796875 0.0578125 0.06406250000000001
0 0.27578125000000003 0.45234375000000004 0.0484375 0.051562500000000004
0 0.3328125 0.4859375 0.059375000000000004 0.0625
0 0.29375 0.525 0.05 0.05625
0 0.38046875 0.54453125 0.1203125 0.1015625
0 0.59296875 0.27265625 0.16718750000000002 0.2328125
0 0.66953125 0.49140625000000004 0.0890625 0.1015625
0 0.77734375 0.43515625 0.0328125 0.0328125
0 0.6265625 0.76484375 0.30312500000000003 0.3796875
