0 0.70078125 0.50234375 0.060937500000000006 0.051562500000000004
0 0.7625000000000001 0.48750000000000004 0.043750000000000004 0.05
0 0.7000000000000001 0.43671875000000004 0.040625 0.0421875
0 0.7781250000000001 0.39921875 0.115625 0.1015625
0 0.6312500000000001 0.4390625 0.034375 0.040625
0 0.46640625 0.37421875000000004 0.0328125 0.0328125
0 0.38125000000000003 0.51171875 0.16875 0.1765625
0 0.41171875 0.63046875 0.0859375 0.0765625
0 0.29453125 0.6687500000000001 0.0328125 0.040625
0 0.5750000000000001 0.7468750000000001 0.1 0.12187500000000001
0 0.48671875000000003 0.72265625 0.051562500000000004 0.045312500000000006
0 0.53828125 0.665625 0.0546875 0.046875
0 0.49843750000000003 0.63046875 0.115625 0.1171875
