0 0.55859375 0.61640625 0.1640625 0.1015625
0 0.3875 0.71796875 0.025 0.029687500000000002
0 0.50625 0.70625 0.08125 0.1
0 0.58984375 0.6820312500000001 0.0578125 0.051562500000000004
0 0.6484375 0.7015625000000001 0.034375 0.037500000000000006
0 0.74609375 0.759375 0.0203125 0.021875000000000002
0 0.6953125 0.7953125000000001 0.06875 0.07187500000000001
0 0.565625 0.7640625000000001 0.015625 0.018750000000000003
0 0.7578125 0.8015625000000001 0.040625 0.025
0 0.8226562500000001 0.7781250000000001 0.029687500000000002 0.021875000000000002
0 0.41328125000000004 0.36796875 0.060937500000000006 0.07968750000000001
0 0.49296875 0.17109375000000002 0.035937500000000004 0.026562500000000003
