3 0.24765625000000002 0.52109375 0.0671875 0.06406250000000001
3 0.29453125 0.49296875 0.051562500000000004 0.051562500000000004
3 0.32109375 0.4375 0.0671875 0.0625
3 0.375 0.296875 0.2 0.184375
3 0.52578125 0.47109375000000003 0.0890625 0.0890625
3 0.46484375 0.6296875000000001 0.06406250000000001 0.0625
3 0.5234375 0.81015625 0.2625 0.2828125
3 0.18203125 0.56875 0.0421875 0.043750000000000004
3 0.14765625000000002 0.6117187500000001 0.0703125 0.0734375
3 0.42421875000000003 0.42890625000000004 0.0734375 0.0671875
