0 0.19687500000000002 0.6140625000000001 0.08750000000000001 0.065625
0 0.45 0.66015625 0.06875 0.09843750000000001
0 0.39296875000000003 0.35468750000000004 0.06406250000000001 0.07187500000000001
0 0.3515625 0.25859375 0.1 0.0859375
0 0.515625 0.38671875 0.10312500000000001 0.0671875
0 0.2484375 0.36328125 0.05625 0.0390625
0 0.20234375000000002 0.30625 0.09531250000000001 0.084375
0 0.5632812500000001 0.7195312500000001 0.0421875 0.0390625
0 0.7117187500000001 0.72265625 0.2015625 0.3015625
0 0.7429687500000001 0.56171875 0.06406250000000001 0.0390625
