0 0.54140625 0.53125 0.1453125 0.12812500000000002
0 0.56484375 0.41250000000000003 0.0421875 0.040625
0 0.50625 0.31484375000000003 0.15000000000000002 0.1203125
0 0.9226562500000001 0.71484375 0.0421875 0.0484375
0 0.78046875 0.6820312500000001 0.0328125 0.0421875
0 0.84765625 0.7757812500000001 0.0421875 0.0328125
0 0.8515625 0.7296875 0.021875000000000002 0.025
0 0.7429687500000001 0.7585937500000001 0.0234375 0.0234375
0 0.79453125 0.7890625 0.0421875 0.065625
0 0.68671875 0.79453125 0.0203125 0.0234375
0 0.6453125000000001 0.70625 0.078125 0.125
0 0.67109375 0.6265625 0.0421875 0.046875
0 0.7429687500000001 0.6570312500000001 0.0578125 0.08281250000000001
0 0.7000000000000001 0.65546875 0.021875000000000002 0.0234375
0 0.784375 0.5554687500000001 0.209375 0.18906250000000002
