0 0.7484375000000001 0.46796875000000004 0.07187500000000001 0.0671875
0 0.5703125 0.48750000000000004 0.053125000000000006 0.06875
0 0.60546875 0.625 0.0203125 0.025
0 0.5437500000000001 0.6671875 0.028125 0.028125
0 0.5125000000000001 0.64609375 0.046875 0.035937500000000004
0 0.4625 0.6648437500000001 0.040625 0.0546875
0 0.4109375 0.60859375 0.03125 0.0421875
0 0.33437500000000003 0.62421875 0.0625 0.060937500000000006
0 0.6578125 0.7125 0.16875 0.19062500000000002
0 0.7703125000000001 0.703125 0.046875 0.037500000000000006
0 0.7937500000000001 0.8578125000000001 0.043750000000000004 0.037500000000000006
0 0.7859375000000001 0.6531250000000001 0.09062500000000001 0.034375
0 0.86484375 0.6484375 0.051562500000000004 0.03125
0 0.353125 0.43125 0.018750000000000003 0.025
