0 0.178125 0.6492187500000001 0.05625 0.0546875
0 0.21875 0.6117187500000001 0.0625 0.06406250000000001
0 0.2515625 0.57734375 0.05 0.0546875
0 0.31640625 0.54453125 0.0671875 0.060937500000000006
0 0.37421875000000004 0.49062500000000003 0.1265625 0.10312500000000001
0 0.28125 0.5007812500000001 0.05625 0.051562500000000004
0 0.434375 0.40390625 0.043750000000000004 0.045312500000000006
0 0.40625 0.32890625 0.084375 0.1328125
0 0.3453125 0.64453125 0.1 0.0765625
0 0.44609375 0.6218750000000001 0.0765625 0.078125
0 0.44140625 0.7375 0.15156250000000002 0.171875
0 0.5390625 0.74609375 0.034375 0.0421875
0 0.45625000000000004 0.846875 0.046875 0.053125000000000006
0 0.5265625 0.84140625 0.078125 0.0859375
0 0.64765625 0.640625 0.0578125 0.08125
0 0.8515625 0.6195312500000001 0.09062500000000001 0.0859375
0 0.665625 0.47421875 0.040625 0.0421875
0 0.69296875 0.5046875000000001 0.029687500000000002 0.03125
0 0.5515625000000001 0.38125000000000003 0.14375000000000002 0.11875000000000001
0 0.6671875 0.32343750000000004 0.084375 0.05625
0 0.64609375 0.2265625 0.26406250000000003 0.22187500000000002
