0 0.3453125 0.32890625 0.22187500000000002 0.22031250000000002
0 0.5703125 0.2765625 0.05625 0.05
0 0.5765625 0.40078125000000003 0.037500000000000006 0.0328125
0 0.37343750000000003 0.5296875 0.06875 0.046875
0 0.44765625000000003 0.56640625 0.0546875 0.0421875
0 0.59296875 0.64375 0.0484375 0.059375000000000004
0 0.4140625 0.6023437500000001 0.040625 0.0484375
0 0.40625 0.65546875 0.03125 0.035937500000000004
0 0.39296875000000003 0.7273437500000001 0.0390625 0.0578125
0 0.4765625 0.30703125000000003 0.034375 0.0328125
0 0.68359375 0.32109375 0.09843750000000001 0.15156250000000002
0 0.7562500000000001 0.759375 0.234375 0.296875
