3 0.42500000000000004 0.6664062500000001 0.1 0.09843750000000001
3 0.52734375 0.8132812500000001 0.09531250000000001 0.1015625
3 0.6273437500000001 0.7703125000000001 0.0859375 0.06875
3 0.521875 0.7250000000000001 0.03125 0.037500000000000006
3 0.22734375 0.5281250000000001 0.17343750000000002 0.125
3 0.321875 0.33125000000000004 0.08125 0.08125
3 0.4140625 0.3765625 0.13125 0.096875
3 0.53515625 0.33359375 0.060937500000000006 0.060937500000000006
3 0.7359375 0.40078125000000003 0.28125 0.20468750000000002
3 0.59921875 0.6046875 0.1390625 0.115625
3 0.7312500000000001 0.49921875000000004 0.23750000000000002 0.1859375
3 0.7664062500000001 0.6625000000000001 0.29531250000000003 0.25625000000000003
