0 0.7203125 0.37343750000000003 0.096875 0.09375
0 0.5546875 0.46796875000000004 0.078125 0.0859375
0 0.64765625 0.58828125 0.029687500000000002 0.0328125
0 0.6046875 0.6546875000000001 0.037500000000000006 0.037500000000000006
0 0.56484375 0.64765625 0.060937500000000006 0.0546875
0 0.5242187500000001 0.6882812500000001 0.060937500000000006 0.0671875
0 0.44921875 0.6546875000000001 0.0484375 0.053125000000000006
0 0.38125000000000003 0.7015625000000001 0.084375 0.084375
0 0.7351562500000001 0.6515625 0.2390625 0.25
0 0.8421875000000001 0.5945312500000001 0.059375000000000004 0.0546875
0 0.93125 0.7367187500000001 0.05625 0.0546875
0 0.8359375 0.5390625 0.096875 0.06875
0 0.91171875 0.5007812500000001 0.060937500000000006 0.051562500000000004
0 0.31796875 0.5046875000000001 0.029687500000000002 0.03125
