3 0.48281250000000003 0.6140625000000001 0.146875 0.14375000000000002
3 0.37109375 0.565625 0.0765625 0.08125
3 0.6273437500000001 0.60078125 0.1078125 0.1015625
3 0.5945312500000001 0.4609375 0.06406250000000001 0.05
3 0.48203125 0.3765625 0.11093750000000001 0.10625000000000001
3 0.353125 0.4 0.12812500000000002 0.16875
3 0.46640625 0.2890625 0.045312500000000006 0.05
3 0.6039062500000001 0.2390625 0.18281250000000002 0.15937500000000002
3 0.675 0.45156250000000003 0.08750000000000001 0.065625
3 0.81171875 0.29609375 0.0546875 0.0421875
3 0.7828125 0.34296875000000004 0.140625 0.09843750000000001
