0 0.45 0.60703125 0.053125000000000006 0.07968750000000001
0 0.5296875 0.59609375 0.043750000000000004 0.0390625
0 0.51171875 0.540625 0.026562500000000003 0.025
0 0.47890625000000003 0.5140625 0.035937500000000004 0.040625
0 0.63671875 0.525 0.0234375 0.028125
0 0.571875 0.534375 0.025 0.028125
0 0.571875 0.44062500000000004 0.034375 0.037500000000000006
0 0.62109375 0.41953125 0.035937500000000004 0.045312500000000006
0 0.6953125 0.3921875 0.078125 0.07187500000000001
0 0.48125 0.3828125 0.028125 0.03125
0 0.5171875 0.39375000000000004 0.05 0.043750000000000004
0 0.5640625 0.37265625 0.059375000000000004 0.0671875
0 0.7039062500000001 0.58515625 0.0328125 0.029687500000000002
0 0.27187500000000003 0.5398437500000001 0.07187500000000001 0.060937500000000006
0 0.7054687500000001 0.5078125 0.0234375 0.028125
