0 0.775 0.4390625 0.10312500000000001 0.1
0 0.58984375 0.5281250000000001 0.0859375 0.09375
0 0.540625 0.37343750000000003 0.03125 0.034375
0 0.45546875000000003 0.37031250000000004 0.0390625 0.040625
0 0.4375 0.40937500000000004 0.065625 0.059375000000000004
0 0.37734375000000003 0.42109375000000004 0.0671875 0.0734375
0 0.3609375 0.50703125 0.053125000000000006 0.0578125
0 0.278125 0.5390625 0.09062500000000001 0.09062500000000001
0 0.5375 0.25546875 0.259375 0.2703125
0 0.65234375 0.19609375 0.06406250000000001 0.060937500000000006
0 0.58125 0.032031250000000004 0.059375000000000004 0.0578125
0 0.6984375 0.23593750000000002 0.10312500000000001 0.078125
0 0.7781250000000001 0.1921875 0.065625 0.05625
0 0.4140625 0.7140625 0.03125 0.034375
