0 0.36171875000000003 0.67734375 0.2015625 0.2921875
0 0.50390625 0.62109375 0.029687500000000002 0.0328125
0 0.6046875 0.45546875000000003 0.043750000000000004 0.0484375
0 0.71796875 0.34140625 0.051562500000000004 0.0484375
0 0.859375 0.33515625000000004 0.08125 0.060937500000000006
0 0.7898437500000001 0.2578125 0.0390625 0.043750000000000004
0 0.2890625 0.37734375000000003 0.140625 0.060937500000000006
0 0.33046875000000003 0.275 0.1546875 0.1125
0 0.15625 0.2078125 0.13125 0.115625
0 0.2859375 0.08359375000000001 0.209375 0.1640625
