3 0.690625 0.33671875 0.059375000000000004 0.0546875
3 0.68125 0.38671875 0.043750000000000004 0.045312500000000006
3 0.703125 0.43828125 0.059375000000000004 0.0546875
3 0.765625 0.56015625 0.178125 0.15781250000000002
3 0.5554687500000001 0.5554687500000001 0.0765625 0.0765625
3 0.48515625 0.41796875 0.0546875 0.0546875
3 0.328125 0.3484375 0.225 0.25
3 0.69921875 0.26484375 0.035937500000000004 0.0390625
3 0.6898437500000001 0.215625 0.060937500000000006 0.065625
3 0.6468750000000001 0.51328125 0.065625 0.0578125
