0 0.3359375 0.5078125 0.0625 0.053125000000000006
0 0.27109375 0.49375 0.045312500000000006 0.05
0 0.33437500000000003 0.4390625 0.040625 0.043750000000000004
0 0.25234375000000003 0.40156250000000004 0.1203125 0.10312500000000001
0 0.40703125 0.43828125 0.035937500000000004 0.0421875
0 0.57578125 0.36484375 0.0328125 0.0328125
0 0.66953125 0.50703125 0.17343750000000002 0.18281250000000002
0 0.6414062500000001 0.6328125 0.0890625 0.078125
0 0.76484375 0.66796875 0.0328125 0.0421875
0 0.47578125000000004 0.759375 0.1015625 0.125
0 0.5671875000000001 0.7296875 0.053125000000000006 0.046875
0 0.5109375 0.6726562500000001 0.05625 0.0484375
0 0.5515625000000001 0.634375 0.11875000000000001 0.12187500000000001
