0 0.66015625 0.65 0.060937500000000006 0.08750000000000001
0 0.62109375 0.85078125 0.029687500000000002 0.035937500000000004
0 0.7359375 0.5484375 0.15000000000000002 0.11875000000000001
0 0.91796875 0.6265625 0.09531250000000001 0.09375
0 0.875 0.56015625 0.07187500000000001 0.06406250000000001
0 0.88203125 0.4765625 0.0671875 0.07187500000000001
0 0.8406250000000001 0.43125 0.07187500000000001 0.037500000000000006
0 0.7273437500000001 0.42890625000000004 0.11406250000000001 0.0765625
0 0.85078125 0.34296875000000004 0.0328125 0.029687500000000002
0 0.775 0.3640625 0.018750000000000003 0.025
0 0.71796875 0.33671875 0.0234375 0.035937500000000004
0 0.53515625 0.29375 0.1421875 0.178125
0 0.6257812500000001 0.27187500000000003 0.0703125 0.10625000000000001
0 0.5125000000000001 0.1875 0.034375 0.040625
0 0.6156250000000001 0.19140625 0.021875000000000002 0.0171875
0 0.54609375 0.10546875 0.06406250000000001 0.0390625
