3 0.7195312500000001 0.55859375 0.1328125 0.1453125
3 0.31953125000000004 0.43203125000000003 0.0546875 0.0671875
3 0.26640625 0.58984375 0.1234375 0.1421875
3 0.40703125 0.55 0.1015625 0.084375
3 0.60078125 0.59921875 0.0484375 0.0484375
3 0.38593750000000004 0.6664062500000001 0.10625000000000001 0.0734375
3 0.38984375000000004 0.7421875 0.1296875 0.10625000000000001
3 0.48046875 0.7523437500000001 0.0546875 0.0546875
3 0.58046875 0.7195312500000001 0.22968750000000002 0.2390625
3 0.6796875 0.46640625 0.0625 0.0546875
3 0.584375 0.37890625 0.12812500000000002 0.1296875
