0 0.42265625 0.4765625 0.051562500000000004 0.078125
0 0.49843750000000003 0.45390625 0.043750000000000004 0.0390625
0 0.50546875 0.5109375 0.026562500000000003 0.025
0 0.48671875000000003 0.5484375 0.035937500000000004 0.040625
0 0.6234375000000001 0.4734375 0.021875000000000002 0.028125
0 0.5625 0.49140625000000004 0.025 0.026562500000000003
0 0.6000000000000001 0.5765625 0.034375 0.037500000000000006
0 0.65234375 0.5750000000000001 0.035937500000000004 0.043750000000000004
0 0.7296875 0.56796875 0.07500000000000001 0.0703125
0 0.54296875 0.6648437500000001 0.029687500000000002 0.029687500000000002
0 0.56953125 0.640625 0.0484375 0.043750000000000004
0 0.62109375 0.63984375 0.0578125 0.0671875
0 0.659375 0.39296875000000003 0.03125 0.029687500000000002
0 0.2921875 0.60859375 0.07187500000000001 0.060937500000000006
0 0.69140625 0.46171875 0.0234375 0.026562500000000003
