0 0.60546875 0.35468750000000004 0.21406250000000002 0.27187500000000003
0 0.49921875000000004 0.42500000000000004 0.029687500000000002 0.03125
0 0.4453125 0.5765625 0.043750000000000004 0.046875
0 0.371875 0.6890625 0.05 0.046875
0 0.25703125 0.71796875 0.0765625 0.06406250000000001
0 0.32734375000000004 0.76953125 0.0390625 0.0421875
0 0.7156250000000001 0.5867187500000001 0.125 0.0734375
0 0.69921875 0.67734375 0.1453125 0.1171875
0 0.8523437500000001 0.70234375 0.1265625 0.1171875
0 0.7679687500000001 0.82578125 0.19843750000000002 0.1703125
