0 0.32578125 0.68671875 0.1296875 0.1265625
0 0.42265625 0.53671875 0.16718750000000002 0.1640625
0 0.6078125000000001 0.55078125 0.043750000000000004 0.0390625
0 0.49609375 0.7507812500000001 0.0734375 0.060937500000000006
0 0.56015625 0.32656250000000003 0.1046875 0.12187500000000001
0 0.3375 0.5007812500000001 0.06875 0.0890625
0 0.26875 0.5078125 0.053125000000000006 0.053125000000000006
0 0.27968750000000003 0.5484375 0.046875 0.046875
0 0.309375 0.56953125 0.034375 0.029687500000000002
0 0.25703125 0.6218750000000001 0.035937500000000004 0.034375
