3 0.5921875 0.44140625 0.15937500000000002 0.1546875
3 0.690625 0.5265625 0.08125 0.08750000000000001
3 0.43984375000000003 0.4109375 0.1171875 0.109375
3 0.43046875 0.5632812500000001 0.0671875 0.0546875
3 0.51796875 0.6843750000000001 0.1203125 0.115625
3 0.6570312500000001 0.70078125 0.1390625 0.1796875
3 0.5078125 0.7781250000000001 0.05 0.053125000000000006
3 0.3515625 0.78671875 0.19687500000000002 0.17343750000000002
3 0.3453125 0.5484375 0.09375 0.07187500000000001
3 0.15781250000000002 0.66328125 0.059375000000000004 0.045312500000000006
3 0.2015625 0.625 0.15000000000000002 0.10625000000000001
