0 0.6359375 0.7585937500000001 0.12812500000000002 0.11406250000000001
0 0.82578125 0.6625000000000001 0.1453125 0.12187500000000001
0 0.8968750000000001 0.58984375 0.084375 0.0859375
0 0.3484375 0.6765625000000001 0.146875 0.125
0 0.48671875000000003 0.5328125 0.1046875 0.10312500000000001
0 0.434375 0.43671875000000004 0.037500000000000006 0.0328125
0 0.35078125000000004 0.359375 0.1203125 0.1375
0 0.28984375 0.49765625 0.060937500000000006 0.060937500000000006
0 0.19140625 0.5867187500000001 0.0390625 0.035937500000000004
0 0.26484375 0.38828125 0.035937500000000004 0.035937500000000004
0 0.23203125000000002 0.35546875 0.0421875 0.0421875
0 0.24140625000000002 0.4765625 0.0328125 0.037500000000000006
0 0.2578125 0.30625 0.028125 0.025
0 0.19296875000000002 0.3328125 0.029687500000000002 0.028125
0 0.321875 0.58984375 0.028125 0.026562500000000003
