0 0.54453125 0.27265625 0.1015625 0.0734375
0 0.34140625 0.259375 0.1234375 0.07187500000000001
0 0.24765625000000002 0.28515625 0.060937500000000006 0.06406250000000001
0 0.7406250000000001 0.48046875 0.125 0.0734375
0 0.5578125 0.5320312500000001 0.078125 0.0765625
0 0.553125 0.6375000000000001 0.028125 0.021875000000000002
0 0.584375 0.7406250000000001 0.078125 0.1125
0 0.7015625000000001 0.6570312500000001 0.043750000000000004 0.045312500000000006
0 0.8265625000000001 0.63203125 0.03125 0.0234375
0 0.66953125 0.759375 0.026562500000000003 0.025
0 0.6796875 0.8015625000000001 0.03125 0.03125
0 0.73203125 0.6976562500000001 0.0203125 0.029687500000000002
0 0.6351562500000001 0.8296875 0.0203125 0.015625
0 0.70078125 0.8406250000000001 0.0234375 0.018750000000000003
0 0.7210937500000001 0.56484375 0.0203125 0.0203125
