3 0.49609375 0.33437500000000003 0.15156250000000002 0.140625
3 0.59140625 0.2984375 0.029687500000000002 0.040625
3 0.7515625 0.515625 0.065625 0.05625
3 0.6984375 0.6335937500000001 0.084375 0.0859375
3 0.6000000000000001 0.53515625 0.053125000000000006 0.0734375
3 0.4859375 0.6203125 0.09062500000000001 0.07187500000000001
3 0.65625 0.6953125 0.07187500000000001 0.06875
3 0.54296875 0.73046875 0.0546875 0.051562500000000004
3 0.27421875 0.5320312500000001 0.0578125 0.0765625
3 0.3125 0.38671875 0.08125 0.07968750000000001
3 0.325 0.31171875000000004 0.06875 0.0546875
3 0.23593750000000002 0.4375 0.05 0.046875
3 0.16718750000000002 0.43671875000000004 0.043750000000000004 0.045312500000000006
3 0.2109375 0.49765625 0.065625 0.0578125
