3 0.325 0.56796875 0.2 0.1859375
3 0.6062500000000001 0.5765625 0.08125 0.06875
3 0.70859375 0.6429687500000001 0.18906250000000002 0.1609375
3 0.7664062500000001 0.496875 0.0578125 0.05
3 0.6804687500000001 0.34453125 0.09531250000000001 0.08281250000000001
3 0.5546875 0.24296875 0.05 0.0421875
3 0.6414062500000001 0.12265625000000001 0.09843750000000001 0.0890625
3 0.33984375 0.29531250000000003 0.06406250000000001 0.06875
3 0.23671875 0.37421875000000004 0.3359375 0.31093750000000003
3 0.33203125 0.15546875000000002 0.2578125 0.2734375
