0 0.68515625 0.7156250000000001 0.2078125 0.20625000000000002
0 0.46718750000000003 0.75703125 0.053125000000000006 0.045312500000000006
0 0.465625 0.6375000000000001 0.034375 0.03125
0 0.665625 0.521875 0.065625 0.043750000000000004
0 0.59609375 0.48359375000000004 0.051562500000000004 0.0390625
0 0.4609375 0.403125 0.043750000000000004 0.05625
0 0.63046875 0.45078125 0.0390625 0.045312500000000006
0 0.63984375 0.4 0.029687500000000002 0.034375
0 0.65546875 0.33203125 0.035937500000000004 0.0546875
0 0.5578125 0.73203125 0.03125 0.029687500000000002
0 0.359375 0.7093750000000001 0.09062500000000001 0.14375000000000002
0 0.30859375 0.2859375 0.2171875 0.28125
