0 0.35078125000000004 0.5515625000000001 0.035937500000000004 0.034375
0 0.49843750000000003 0.71796875 0.05625 0.051562500000000004
0 0.2171875 0.39296875000000003 0.10625000000000001 0.07968750000000001
0 0.26171875 0.49062500000000003 0.0671875 0.12187500000000001
0 0.29765625 0.3015625 0.0390625 0.059375000000000004
0 0.2703125 0.2515625 0.05 0.07187500000000001
0 0.16953125000000002 0.28046875 0.09531250000000001 0.1484375
0 0.509375 0.29921875000000003 0.053125000000000006 0.1953125
0 0.5632812500000001 0.28750000000000003 0.026562500000000003 0.03125
0 0.56796875 0.2609375 0.051562500000000004 0.065625
0 0.6468750000000001 0.17265625 0.065625 0.051562500000000004
0 0.73359375 0.2 0.0765625 0.096875
0 0.7453125 0.26875 0.034375 0.025
0 0.6390625000000001 0.36171875000000003 0.125 0.0921875
0 0.7609375 0.36171875000000003 0.065625 0.1234375
0 0.52734375 0.47421875 0.0328125 0.0328125
0 0.62265625 0.53828125 0.0421875 0.026562500000000003
