3 0.61640625 0.353125 0.0734375 0.084375
3 0.6984375 0.38515625000000003 0.08750000000000001 0.0890625
3 0.73359375 0.68671875 0.045312500000000006 0.051562500000000004
3 0.76953125 0.66015625 0.0203125 0.035937500000000004
3 0.55859375 0.58515625 0.045312500000000006 0.0421875
3 0.6359375 0.665625 0.046875 0.046875
3 0.7039062500000001 0.7757812500000001 0.0703125 0.0765625
3 0.5453125 0.6570312500000001 0.078125 0.0671875
3 0.44296875 0.640625 0.0421875 0.028125
3 0.53671875 0.534375 0.051562500000000004 0.037500000000000006
3 0.578125 0.4578125 0.07187500000000001 0.046875
3 0.6515625 0.2984375 0.028125 0.03125
3 0.6859375000000001 0.44609375 0.03125 0.026562500000000003
