0 0.34921875 0.5476562500000001 0.08281250000000001 0.0890625
0 0.46406250000000004 0.58046875 0.06875 0.0734375
0 0.32734375000000004 0.36250000000000004 0.051562500000000004 0.046875
0 0.46875 0.2859375 0.10625000000000001 0.1125
0 0.47187500000000004 0.1796875 0.037500000000000006 0.037500000000000006
0 0.42421875000000003 0.1875 0.0328125 0.03125
0 0.43125 0.07500000000000001 0.034375 0.043750000000000004
0 0.5609375 0.20468750000000002 0.043750000000000004 0.059375000000000004
0 0.71875 0.390625 0.225 0.275
0 0.7781250000000001 0.51484375 0.034375 0.035937500000000004
0 0.7125 0.7359375 0.3875 0.34687500000000004
