0 0.45234375000000004 0.22890625 0.029687500000000002 0.029687500000000002
0 0.40703125 0.215625 0.026562500000000003 0.03125
0 0.42421875000000003 0.2984375 0.060937500000000006 0.043750000000000004
0 0.38671875 0.31875000000000003 0.0890625 0.084375
0 0.24765625000000002 0.49140625000000004 0.026562500000000003 0.0328125
0 0.153125 0.41328125000000004 0.040625 0.0421875
0 0.27578125000000003 0.446875 0.0203125 0.03125
0 0.20468750000000002 0.578125 0.05 0.053125000000000006
0 0.19375 0.6273437500000001 0.034375 0.0484375
0 0.43593750000000003 0.6734375 0.06875 0.05
0 0.44296875 0.7171875000000001 0.0546875 0.046875
0 0.51328125 0.73046875 0.0484375 0.0390625
0 0.51796875 0.6937500000000001 0.0328125 0.03125
0 0.50625 0.78046875 0.06875 0.0546875
0 0.65 0.63671875 0.037500000000000006 0.0328125
0 0.5609375 0.6234375000000001 0.034375 0.03125
0 0.59609375 0.63671875 0.029687500000000002 0.029687500000000002
0 0.56171875 0.52265625 0.0578125 0.0421875
0 0.6218750000000001 0.57578125 0.115625 0.0703125
