3 0.6468750000000001 0.7273437500000001 0.12812500000000002 0.1046875
3 0.6664062500000001 0.6492187500000001 0.045312500000000006 0.051562500000000004
3 0.6257812500000001 0.6109375 0.0484375 0.065625
3 0.5 0.5265625 0.059375000000000004 0.040625
3 0.5265625 0.46875 0.05 0.046875
3 0.415625 0.6507812500000001 0.1625 0.15156250000000002
3 0.41953125 0.5296875 0.051562500000000004 0.040625
3 0.44062500000000004 0.47890625000000003 0.028125 0.026562500000000003
3 0.3953125 0.41796875 0.1125 0.11093750000000001
3 0.690625 0.45390625 0.20625000000000002 0.19843750000000002
3 0.7445312500000001 0.58515625 0.0890625 0.0671875
