0 0.45390625 0.34296875000000004 0.11093750000000001 0.08281250000000001
0 0.5046875000000001 0.42265625 0.0625 0.0390625
0 0.7328125000000001 0.40937500000000004 0.034375 0.028125
0 0.8132812500000001 0.47109375000000003 0.0671875 0.1265625
0 0.8851562500000001 0.58125 0.045312500000000006 0.09062500000000001
0 0.7273437500000001 0.6734375 0.0546875 0.0625
0 0.7125 0.7203125 0.07187500000000001 0.040625
0 0.71015625 0.80859375 0.029687500000000002 0.029687500000000002
0 0.765625 0.8070312500000001 0.028125 0.0328125
0 0.40546875000000004 0.7039062500000001 0.3515625 0.44843750000000004
0 0.690625 0.28046875 0.078125 0.09531250000000001
0 0.61640625 0.20859375000000002 0.051562500000000004 0.0390625
0 0.60078125 0.246875 0.0390625 0.034375
0 0.53671875 0.30859375 0.0328125 0.029687500000000002
0 0.43671875000000004 0.26796875000000003 0.029687500000000002 0.029687500000000002
0 0.6257812500000001 0.15781250000000002 0.035937500000000004 0.034375
0 0.5015625 0.28359375000000003 0.028125 0.0203125
0 0.49531250000000004 0.246875 0.021875000000000002 0.018750000000000003
