3 0.49296875 0.36640625000000004 0.0890625 0.0859375
3 0.6335937500000001 0.28046875 0.08281250000000001 0.0921875
3 0.7015625000000001 0.35234375 0.078125 0.060937500000000006
3 0.59609375 0.3515625 0.026562500000000003 0.034375
3 0.2765625 0.40937500000000004 0.15625 0.109375
3 0.284375 0.609375 0.07187500000000001 0.07187500000000001
3 0.37812500000000004 0.60546875 0.11875000000000001 0.08281250000000001
3 0.46406250000000004 0.6859375000000001 0.053125000000000006 0.053125000000000006
3 0.65625 0.7039062500000001 0.253125 0.1765625
3 0.61640625 0.48203125 0.1234375 0.1015625
3 0.6890625 0.61875 0.21250000000000002 0.1625
3 0.7781250000000001 0.49453125000000003 0.2625 0.2234375
