0 0.46718750000000003 0.32343750000000004 0.065625 0.1125
0 0.46875 0.4 0.037500000000000006 0.037500000000000006
0 0.39921875 0.46015625000000004 0.1015625 0.0734375
0 0.33359375 0.5 0.045312500000000006 0.053125000000000006
0 0.31562500000000004 0.45546875000000003 0.037500000000000006 0.0421875
0 0.27421875 0.515625 0.0390625 0.040625
0 0.23671875 0.53828125 0.045312500000000006 0.0546875
0 0.1921875 0.5625 0.046875 0.037500000000000006
0 0.5171875 0.7765625 0.1125 0.215625
0 0.64765625 0.5953125 0.060937500000000006 0.096875
0 0.7359375 0.67734375 0.028125 0.029687500000000002
0 0.6726562500000001 0.5171875 0.0390625 0.028125
0 0.6531250000000001 0.49453125000000003 0.025 0.0234375
0 0.63046875 0.39609375 0.23593750000000002 0.1078125
0 0.68359375 0.27734375 0.23593750000000002 0.1546875
