0 0.70859375 0.6570312500000001 0.1296875 0.0671875
0 0.66015625 0.74921875 0.1609375 0.11406250000000001
0 0.8125 0.8265625000000001 0.12187500000000001 0.11875000000000001
0 0.6843750000000001 0.9242187500000001 0.21250000000000002 0.15156250000000002
0 0.6875 0.5 0.05 0.043750000000000004
0 0.59921875 0.56015625 0.026562500000000003 0.026562500000000003
0 0.6039062500000001 0.49843750000000003 0.0484375 0.05625
0 0.6726562500000001 0.37812500000000004 0.1296875 0.18125000000000002
0 0.721875 0.23125 0.040625 0.05
0 0.66015625 0.22734375 0.0671875 0.1046875
0 0.39609375 0.415625 0.1390625 0.125
0 0.4234375 0.5546875 0.053125000000000006 0.053125000000000006
0 0.30625 0.64765625 0.0625 0.051562500000000004
0 0.22890625 0.72578125 0.035937500000000004 0.0328125
0 0.16796875 0.64609375 0.0859375 0.06406250000000001
