3 0.4234375 0.30625 0.12187500000000001 0.09375
3 0.39453125 0.38203125000000004 0.0421875 0.0484375
3 0.43125 0.42421875000000003 0.043750000000000004 0.06406250000000001
3 0.54453125 0.521875 0.0578125 0.034375
3 0.51328125 0.5750000000000001 0.045312500000000006 0.043750000000000004
3 0.6421875 0.40859375000000003 0.153125 0.1390625
3 0.625 0.52734375 0.05 0.035937500000000004
3 0.5984375000000001 0.5750000000000001 0.025 0.025
3 0.6375000000000001 0.63984375 0.10625000000000001 0.1046875
3 0.3484375 0.571875 0.19375 0.18125000000000002
3 0.31015625 0.43671875000000004 0.0859375 0.060937500000000006
