3 0.5953125 0.4546875 0.15937500000000002 0.15625
3 0.6781250000000001 0.54453125 0.084375 0.0890625
3 0.4578125 0.41015625 0.115625 0.11093750000000001
3 0.43203125000000003 0.55 0.0671875 0.05625
3 0.5007812500000001 0.6726562500000001 0.1203125 0.1171875
3 0.628125 0.70234375 0.14375000000000002 0.1765625
3 0.48046875 0.7585937500000001 0.051562500000000004 0.0546875
3 0.33515625000000004 0.74921875 0.1953125 0.1765625
3 0.35546875 0.52734375 0.0921875 0.0734375
3 0.16796875 0.6140625000000001 0.0578125 0.046875
3 0.21406250000000002 0.58359375 0.146875 0.11093750000000001
