0 0.19375 0.5171875 0.084375 0.059375000000000004
0 0.41640625000000003 0.6296875000000001 0.06406250000000001 0.09375
0 0.44765625000000003 0.3296875 0.060937500000000006 0.06875
0 0.43671875000000004 0.22812500000000002 0.09531250000000001 0.08125
0 0.55390625 0.39453125 0.09843750000000001 0.060937500000000006
0 0.31093750000000003 0.296875 0.053125000000000006 0.037500000000000006
0 0.284375 0.23125 0.09062500000000001 0.078125
0 0.50546875 0.7171875000000001 0.0390625 0.037500000000000006
0 0.6429687500000001 0.76171875 0.1859375 0.2890625
0 0.71640625 0.62109375 0.060937500000000006 0.035937500000000004
