0 0.44140625 0.69453125 0.11406250000000001 0.0890625
0 0.49765625 0.6195312500000001 0.06406250000000001 0.0421875
0 0.7210937500000001 0.6492187500000001 0.035937500000000004 0.029687500000000002
0 0.8046875 0.5945312500000001 0.07500000000000001 0.1265625
0 0.8828125 0.49140625000000004 0.05 0.0921875
0 0.7351562500000001 0.38984375000000004 0.0578125 0.06406250000000001
0 0.7234375000000001 0.34296875000000004 0.07187500000000001 0.045312500000000006
0 0.728125 0.25625000000000003 0.03125 0.03125
0 0.7828125 0.2609375 0.028125 0.034375
0 0.421875 0.33671875 0.371875 0.4578125
0 0.66953125 0.77265625 0.08281250000000001 0.09843750000000001
0 0.5921875 0.8382812500000001 0.053125000000000006 0.0421875
0 0.5796875 0.7992187500000001 0.040625 0.035937500000000004
0 0.5203125000000001 0.73359375 0.034375 0.029687500000000002
0 0.41875 0.7664062500000001 0.03125 0.029687500000000002
0 0.596875 0.88828125 0.037500000000000006 0.035937500000000004
0 0.484375 0.7562500000000001 0.028125 0.021875000000000002
0 0.47578125000000004 0.7914062500000001 0.0203125 0.0203125
