0 0.46718750000000003 0.42812500000000003 0.18125000000000002 0.1125
0 0.6312500000000001 0.28828125 0.028125 0.0328125
0 0.5078125 0.32343750000000004 0.09062500000000001 0.109375
0 0.42265625 0.3640625 0.06406250000000001 0.05625
0 0.35546875 0.353125 0.035937500000000004 0.040625
0 0.240625 0.309375 0.021875000000000002 0.025
0 0.28828125 0.26171875 0.0765625 0.07968750000000001
0 0.43359375 0.27109375 0.0171875 0.0203125
0 0.22031250000000002 0.26640625 0.043750000000000004 0.029687500000000002
0 0.1546875 0.30234375 0.034375 0.0234375
0 0.66796875 0.6687500000000001 0.0671875 0.08750000000000001
0 0.6171875 0.8929687500000001 0.040625 0.029687500000000002
