3 0.56796875 0.5578125 0.045312500000000006 0.043750000000000004
3 0.31093750000000003 0.6039062500000001 0.059375000000000004 0.0546875
3 0.4109375 0.61328125 0.1125 0.1265625
3 0.48671875000000003 0.66796875 0.045312500000000006 0.0484375
3 0.69296875 0.6171875 0.2109375 0.225
3 0.50234375 0.40156250000000004 0.1484375 0.10312500000000001
3 0.65390625 0.37421875000000004 0.09843750000000001 0.0921875
3 0.603125 0.43593750000000003 0.053125000000000006 0.053125000000000006
3 0.7718750000000001 0.4703125 0.0625 0.059375000000000004
3 0.6781250000000001 0.45859375 0.065625 0.08281250000000001
