3 0.35781250000000003 0.2984375 0.06875 0.065625
3 0.36328125 0.35390625000000003 0.051562500000000004 0.051562500000000004
3 0.33359375 0.40859375000000003 0.0671875 0.06406250000000001
3 0.25 0.5359375000000001 0.203125 0.184375
3 0.48203125 0.5554687500000001 0.0890625 0.0890625
3 0.57578125 0.41171875 0.06406250000000001 0.06406250000000001
3 0.7578125 0.35234375 0.2625 0.2859375
3 0.35703125 0.2171875 0.0421875 0.043750000000000004
3 0.37265625 0.1640625 0.0703125 0.07500000000000001
3 0.38671875 0.49765625 0.0734375 0.0671875
