0 0.48125 0.42812500000000003 0.16562500000000002 0.096875
0 0.6531250000000001 0.3140625 0.025 0.03125
0 0.5320312500000001 0.3328125 0.07968750000000001 0.1
0 0.44609375 0.3609375 0.0578125 0.05
0 0.38359375 0.34375 0.0328125 0.037500000000000006
0 0.28125 0.28828125 0.018750000000000003 0.0234375
0 0.33125000000000004 0.25 0.06875 0.07187500000000001
0 0.46718750000000003 0.275 0.015625 0.018750000000000003
0 0.26640625 0.24531250000000002 0.0421875 0.025
0 0.2 0.27265625 0.03125 0.0203125
0 0.64375 0.67734375 0.059375000000000004 0.07968750000000001
0 0.5703125 0.884375 0.037500000000000006 0.025
