0 0.8015625000000001 0.38203125000000004 0.034375 0.029687500000000002
0 0.76484375 0.31171875000000004 0.035937500000000004 0.0328125
0 0.665625 0.35468750000000004 0.115625 0.11875000000000001
0 0.43593750000000003 0.48515625 0.037500000000000006 0.0390625
0 0.34140625 0.38828125 0.0546875 0.0484375
0 0.21875 0.38046875 0.078125 0.0484375
0 0.2765625 0.31484375000000003 0.03125 0.029687500000000002
0 0.6265625 0.690625 0.15937500000000002 0.21250000000000002
0 0.5203125000000001 0.69921875 0.028125 0.0234375
0 0.52109375 0.6234375000000001 0.0234375 0.028125
