0 0.55234375 0.8382812500000001 0.07968750000000001 0.0859375
0 0.5 0.7484375000000001 0.046875 0.043750000000000004
0 0.5375 0.52109375 0.109375 0.0765625
0 0.509375 0.6062500000000001 0.025 0.021875000000000002
0 0.5796875 0.58046875 0.03125 0.029687500000000002
0 0.71796875 0.553125 0.2078125 0.2
0 0.8773437500000001 0.2984375 0.0390625 0.028125
0 0.8375 0.28750000000000003 0.040625 0.034375
0 0.66796875 0.34453125 0.0765625 0.1171875
0 0.43203125000000003 0.24531250000000002 0.24531250000000002 0.1875
