0 0.85078125 0.6335937500000001 0.0421875 0.0390625
0 0.821875 0.7171875000000001 0.043750000000000004 0.040625
0 0.70625 0.68515625 0.14375000000000002 0.1484375
0 0.43359375 0.578125 0.0484375 0.05
0 0.34453125 0.6976562500000001 0.0703125 0.060937500000000006
0 0.2109375 0.72578125 0.09375 0.0671875
0 0.284375 0.7890625 0.037500000000000006 0.037500000000000006
0 0.6109375 0.321875 0.20625000000000002 0.259375
0 0.49296875 0.32890625 0.035937500000000004 0.029687500000000002
0 0.5046875000000001 0.41250000000000003 0.03125 0.034375
