0 0.31796875 0.45937500000000003 0.1265625 0.07500000000000001
0 0.3328125 0.36328125 0.15937500000000002 0.1234375
0 0.17500000000000002 0.34140625 0.125 0.1203125
0 0.25625000000000003 0.2078125 0.21250000000000002 0.18125000000000002
0 0.38359375 0.5921875 0.051562500000000004 0.046875
0 0.44453125000000004 0.51328125 0.026562500000000003 0.026562500000000003
0 0.45859375 0.56875 0.051562500000000004 0.05625
0 0.43359375 0.6960937500000001 0.1390625 0.1796875
0 0.43359375 0.83984375 0.0421875 0.051562500000000004
0 0.48984375 0.8250000000000001 0.0734375 0.10312500000000001
0 0.6664062500000001 0.5789062500000001 0.1390625 0.1296875
0 0.60078125 0.46484375 0.0546875 0.0546875
0 0.6765625000000001 0.34765625 0.0625 0.0546875
0 0.7210937500000001 0.2546875 0.035937500000000004 0.034375
0 0.7992187500000001 0.30703125000000003 0.0859375 0.0671875
