3 0.6726562500000001 0.65625 0.09843750000000001 0.10625000000000001
3 0.7421875 0.5984375000000001 0.115625 0.115625
3 0.6742187500000001 0.2890625 0.060937500000000006 0.065625
3 0.71796875 0.30312500000000003 0.0328125 0.040625
3 0.5359375000000001 0.44843750000000004 0.059375000000000004 0.05625
3 0.58515625 0.34296875000000004 0.060937500000000006 0.060937500000000006
3 0.6140625000000001 0.21171875 0.09375 0.09843750000000001
3 0.49921875000000004 0.3828125 0.09843750000000001 0.09062500000000001
3 0.40468750000000003 0.434375 0.05 0.040625
3 0.5328125 0.50625 0.0625 0.053125000000000006
3 0.59921875 0.5671875000000001 0.0859375 0.06875
3 0.7265625 0.69921875 0.037500000000000006 0.0390625
3 0.7093750000000001 0.54140625 0.037500000000000006 0.035937500000000004
