0 0.50390625 0.3328125 0.0484375 0.043750000000000004
0 0.6015625 0.34453125 0.125 0.0890625
0 0.384375 0.3609375 0.0625 0.065625
0 0.37265625 0.30000000000000004 0.0703125 0.07187500000000001
0 0.5164062500000001 0.18046875 0.045312500000000006 0.0390625
0 0.390625 0.18203125 0.1375 0.1203125
0 0.7523437500000001 0.46328125000000003 0.045312500000000006 0.06406250000000001
0 0.70625 0.47421875 0.040625 0.035937500000000004
0 0.6531250000000001 0.51484375 0.0625 0.045312500000000006
0 0.65234375 0.5632812500000001 0.0171875 0.0203125
0 0.5796875 0.55078125 0.10625000000000001 0.1453125
0 0.74375 0.55234375 0.07187500000000001 0.06406250000000001
0 0.70859375 0.6125 0.0671875 0.07187500000000001
0 0.7921875 0.6351562500000001 0.115625 0.1171875
0 0.5265625 0.7406250000000001 0.034375 0.037500000000000006
0 0.5015625 0.58046875 0.034375 0.0328125
0 0.37578125 0.5421875 0.2265625 0.21250000000000002
0 0.246875 0.6453125000000001 0.1125 0.11875000000000001
0 0.42734375 0.77890625 0.1015625 0.1078125
0 0.34687500000000004 0.76953125 0.043750000000000004 0.0390625
0 0.24531250000000002 0.7679687500000001 0.037500000000000006 0.0421875
