3 0.6664062500000001 0.34687500000000004 0.1390625 0.15625
3 0.41328125000000004 0.7507812500000001 0.0546875 0.0734375
3 0.25234375000000003 0.65234375 0.1296875 0.1546875
3 0.403125 0.584375 0.1125 0.084375
3 0.534375 0.39921875 0.05 0.051562500000000004
3 0.30000000000000004 0.49843750000000003 0.11875000000000001 0.07187500000000001
3 0.24609375 0.43046875 0.1453125 0.1078125
3 0.31796875 0.35546875 0.0578125 0.0578125
3 0.42812500000000003 0.31015625 0.24375000000000002 0.2578125
3 0.69921875 0.45546875000000003 0.0703125 0.0546875
3 0.6820312500000001 0.6015625 0.13593750000000002 0.1375
