0 0.38828125 0.37343750000000003 0.1265625 0.115625
0 0.46796875000000004 0.43203125000000003 0.0703125 0.0578125
0 0.6843750000000001 0.33437500000000003 0.040625 0.037500000000000006
0 0.7859375000000001 0.36484375 0.10625000000000001 0.13593750000000002
0 0.89609375 0.44453125000000004 0.0734375 0.09531250000000001
0 0.77734375 0.5921875 0.0703125 0.07500000000000001
0 0.78046875 0.64375 0.0765625 0.0625
0 0.8109375000000001 0.7296875 0.037500000000000006 0.037500000000000006
0 0.86484375 0.70859375 0.035937500000000004 0.0390625
0 0.4765625 0.73984375 0.478125 0.5203125000000001
0 0.5945312500000001 0.225 0.1046875 0.1125
0 0.496875 0.18281250000000002 0.059375000000000004 0.053125000000000006
0 0.49609375 0.22578125000000002 0.045312500000000006 0.0421875
0 0.45625000000000004 0.31015625 0.040625 0.0390625
0 0.34375 0.30781250000000004 0.037500000000000006 0.037500000000000006
0 0.4859375 0.1296875 0.043750000000000004 0.043750000000000004
0 0.41250000000000003 0.2984375 0.03125 0.028125
0 0.39375000000000004 0.265625 0.025 0.025
