3 0.43515625 0.31171875000000004 0.1203125 0.1015625
3 0.33984375 0.41640625000000003 0.0421875 0.0671875
3 0.33828125000000003 0.48671875000000003 0.0390625 0.0765625
3 0.37421875000000004 0.49765625 0.035937500000000004 0.0546875
3 0.496875 0.48359375000000004 0.08125 0.0578125
3 0.5171875 0.43359375 0.05 0.035937500000000004
3 0.60546875 0.340625 0.029687500000000002 0.037500000000000006
3 0.5078125 0.34375 0.03125 0.03125
3 0.5554687500000001 0.5578125 0.17343750000000002 0.17500000000000002
3 0.71640625 0.36328125 0.08281250000000001 0.09531250000000001
3 0.80625 0.38984375000000004 0.046875 0.0765625
3 0.7578125 0.43046875 0.040625 0.0484375
