3 0.5625 0.6023437500000001 0.15625 0.15156250000000002
3 0.68671875 0.525 0.07968750000000001 0.08750000000000001
3 0.38906250000000003 0.609375 0.115625 0.10625000000000001
3 0.40468750000000003 0.4390625 0.06875 0.05
3 0.5234375 0.3203125 0.11875000000000001 0.1125
3 0.6796875 0.32656250000000003 0.12812500000000002 0.184375
3 0.52734375 0.21406250000000002 0.0484375 0.053125000000000006
3 0.35625 0.178125 0.19687500000000002 0.16562500000000002
3 0.30781250000000004 0.44062500000000004 0.096875 0.065625
3 0.1203125 0.28046875 0.059375000000000004 0.0421875
3 0.1625 0.33046875000000003 0.15625 0.09531250000000001
