0 0.36250000000000004 0.6468750000000001 0.115625 0.0625
0 0.4078125 0.7273437500000001 0.14375000000000002 0.1046875
0 0.27734375 0.7992187500000001 0.11093750000000001 0.1078125
0 0.3921875 0.890625 0.19062500000000002 0.15625
0 0.3765625 0.5078125 0.046875 0.040625
0 0.45703125 0.55859375 0.0234375 0.0234375
0 0.45078125 0.50390625 0.045312500000000006 0.051562500000000004
0 0.38593750000000004 0.4 0.11875000000000001 0.1625
0 0.33828125000000003 0.27265625 0.035937500000000004 0.045312500000000006
0 0.39140625 0.26640625 0.060937500000000006 0.09531250000000001
0 0.6312500000000001 0.42421875000000003 0.125 0.11406250000000001
0 0.6101562500000001 0.5476562500000001 0.0484375 0.0484375
0 0.7171875000000001 0.6257812500000001 0.05625 0.0484375
0 0.78828125 0.69296875 0.0328125 0.029687500000000002
0 0.83984375 0.6203125 0.0765625 0.059375000000000004
