0 0.5203125000000001 0.71875 0.115625 0.09062500000000001
0 0.540625 0.625 0.065625 0.043750000000000004
0 0.76328125 0.55625 0.035937500000000004 0.03125
0 0.81796875 0.46875 0.0765625 0.13125
0 0.84765625 0.33906250000000004 0.051562500000000004 0.09375
0 0.6648437500000001 0.30703125000000003 0.0578125 0.0671875
0 0.6335937500000001 0.2671875 0.0734375 0.046875
0 0.60078125 0.18515625000000002 0.0328125 0.0328125
0 0.65390625 0.16562500000000002 0.029687500000000002 0.034375
0 0.34765625 0.39140625 0.38593750000000004 0.4734375
0 0.7679687500000001 0.69453125 0.0859375 0.1015625
0 0.72265625 0.7890625 0.0546875 0.043750000000000004
0 0.69453125 0.75703125 0.0421875 0.035937500000000004
0 0.6109375 0.721875 0.034375 0.03125
0 0.53046875 0.7953125000000001 0.0328125 0.03125
0 0.7484375000000001 0.8343750000000001 0.037500000000000006 0.037500000000000006
0 0.5859375 0.7578125 0.028125 0.021875000000000002
0 0.59375 0.79453125 0.021875000000000002 0.0203125
