0 0.4453125 0.63984375 0.043750000000000004 0.0734375
0 0.2828125 0.6101562500000001 0.28125 0.32656250000000003
0 0.32343750000000004 0.45234375000000004 0.109375 0.060937500000000006
0 0.40546875000000004 0.41250000000000003 0.0421875 0.040625
0 0.375 0.38046875 0.025 0.026562500000000003
0 0.31484375000000003 0.3640625 0.0390625 0.043750000000000004
0 0.54921875 0.3953125 0.029687500000000002 0.028125
0 0.5265625 0.3609375 0.043750000000000004 0.05625
0 0.47265625 0.31171875000000004 0.035937500000000004 0.035937500000000004
0 0.5476562500000001 0.31171875000000004 0.0703125 0.051562500000000004
0 0.49062500000000003 0.253125 0.05 0.046875
0 0.51484375 0.171875 0.0765625 0.084375
0 0.37812500000000004 0.31562500000000004 0.034375 0.03125
0 0.375 0.24609375 0.025 0.0234375
0 0.390625 0.17343750000000002 0.028125 0.028125
