0 0.6078125000000001 0.62109375 0.0625 0.0734375
0 0.44609375 0.73046875 0.0546875 0.0390625
0 0.49843750000000003 0.8343750000000001 0.037500000000000006 0.040625
0 0.46718750000000003 0.77734375 0.03125 0.0421875
0 0.33046875000000003 0.7078125000000001 0.1265625 0.1625
0 0.32578125 0.22031250000000002 0.1921875 0.29375
0 0.6515625 0.4625 0.037500000000000006 0.05
0 0.47109375000000003 0.3828125 0.0421875 0.065625
0 0.67578125 0.40390625 0.029687500000000002 0.0328125
0 0.7015625000000001 0.32265625000000003 0.037500000000000006 0.060937500000000006
0 0.584375 0.47421875 0.021875000000000002 0.029687500000000002
0 0.5390625 0.44765625000000003 0.021875000000000002 0.0171875
