0 0.61640625 0.596875 0.0421875 0.078125
0 0.53046875 0.6015625 0.0421875 0.034375
0 0.5375 0.5390625 0.025 0.021875000000000002
0 0.56796875 0.50390625 0.0328125 0.0390625
0 0.403125 0.5484375 0.018750000000000003 0.028125
0 0.47265625 0.54609375 0.0234375 0.026562500000000003
0 0.4546875 0.44609375 0.03125 0.035937500000000004
0 0.3984375 0.434375 0.03125 0.043750000000000004
0 0.31484375000000003 0.42109375000000004 0.0734375 0.06406250000000001
0 0.53828125 0.36640625000000004 0.026562500000000003 0.029687500000000002
0 0.503125 0.38515625000000003 0.046875 0.0390625
0 0.44843750000000004 0.37265625 0.053125000000000006 0.06406250000000001
0 0.34375 0.625 0.03125 0.028125
0 0.7898437500000001 0.48984375 0.0703125 0.0546875
0 0.32734375000000004 0.54296875 0.0203125 0.026562500000000003
