0 0.240625 0.7507812500000001 0.18125000000000002 0.18906250000000002
0 0.35078125000000004 0.7921875 0.0484375 0.05625
0 0.41484375 0.728125 0.0734375 0.0625
0 0.43281250000000004 0.6640625 0.040625 0.037500000000000006
0 0.40937500000000004 0.7953125000000001 0.037500000000000006 0.037500000000000006
0 0.5945312500000001 0.7757812500000001 0.026562500000000003 0.026562500000000003
0 0.5421875 0.6890625 0.19687500000000002 0.2
0 0.70859375 0.63984375 0.1234375 0.1296875
0 0.49921875000000004 0.82421875 0.0328125 0.0328125
0 0.33515625000000004 0.5578125 0.0890625 0.078125
0 0.4140625 0.50546875 0.0625 0.0671875
0 0.6421875 0.42578125 0.03125 0.0328125
0 0.5281250000000001 0.36796875 0.059375000000000004 0.0703125
0 0.49453125000000003 0.3140625 0.0421875 0.046875
0 0.66796875 0.25703125 0.0890625 0.0765625
0 0.32343750000000004 0.31953125000000004 0.078125 0.08281250000000001
0 0.39140625 0.371875 0.035937500000000004 0.037500000000000006
0 0.33437500000000003 0.4375 0.14375000000000002 0.15625
0 0.2765625 0.36171875000000003 0.046875 0.0484375
0 0.26015625000000003 0.62265625 0.0390625 0.0328125
