0 0.5546875 0.64375 0.078125 0.084375
0 0.36796875 0.6703125000000001 0.0578125 0.05
0 0.36953125000000003 0.7820312500000001 0.045312500000000006 0.0484375
0 0.3671875 0.7195312500000001 0.040625 0.045312500000000006
0 0.278125 0.6023437500000001 0.1625 0.18281250000000002
0 0.48046875 0.17734375000000002 0.2609375 0.3171875
0 0.66015625 0.525 0.0484375 0.05625
0 0.53828125 0.3796875 0.0578125 0.07187500000000001
0 0.7054687500000001 0.484375 0.035937500000000004 0.037500000000000006
0 0.76171875 0.42578125 0.051562500000000004 0.06406250000000001
0 0.596875 0.50703125 0.028125 0.0328125
0 0.56875 0.46406250000000004 0.025 0.021875000000000002
