3 0.31015625 0.4921875 0.1453125 0.15625
3 0.7445312500000001 0.6117187500000001 0.060937500000000006 0.0703125
3 0.79453125 0.44062500000000004 0.13593750000000002 0.153125
3 0.6453125000000001 0.48828125 0.109375 0.0921875
3 0.43515625 0.44375000000000003 0.051562500000000004 0.053125000000000006
3 0.6625000000000001 0.36328125 0.1125 0.08281250000000001
3 0.65625 0.28203125 0.140625 0.1171875
3 0.5593750000000001 0.275 0.059375000000000004 0.059375000000000004
3 0.453125 0.3140625 0.25 0.259375
3 0.35625 0.5890625 0.06875 0.059375000000000004
3 0.4625 0.6796875 0.1375 0.140625
