0 0.42109375000000004 0.26406250000000003 0.2171875 0.215625
0 0.66328125 0.29765625 0.0546875 0.0484375
0 0.62265625 0.42265625 0.035937500000000004 0.0328125
0 0.37265625 0.47187500000000004 0.0703125 0.043750000000000004
0 0.43203125000000003 0.5375 0.0546875 0.040625
0 0.54609375 0.6687500000000001 0.045312500000000006 0.059375000000000004
0 0.38515625000000003 0.56015625 0.0390625 0.0484375
0 0.35703125 0.609375 0.029687500000000002 0.037500000000000006
0 0.31640625 0.675 0.035937500000000004 0.059375000000000004
0 0.55859375 0.2921875 0.0328125 0.03125
0 0.7578125 0.38515625000000003 0.09062500000000001 0.1546875
0 0.6625000000000001 0.8445312500000001 0.22187500000000002 0.2984375
