3 0.540625 0.28515625 0.12812500000000002 0.1078125
3 0.47968750000000004 0.33671875 0.046875 0.051562500000000004
3 0.48984375 0.39140625 0.051562500000000004 0.0671875
3 0.5421875 0.5320312500000001 0.059375000000000004 0.0421875
3 0.4890625 0.5632812500000001 0.05 0.0484375
3 0.6828125 0.48046875 0.16562500000000002 0.1546875
3 0.6101562500000001 0.5765625 0.051562500000000004 0.040625
3 0.5640625 0.6062500000000001 0.028125 0.028125
3 0.565625 0.6804687500000001 0.115625 0.11406250000000001
3 0.34687500000000004 0.48046875 0.209375 0.2015625
3 0.37890625 0.34296875000000004 0.0890625 0.0703125
