0 0.67109375 0.33828125000000003 0.1171875 0.13593750000000002
0 0.6781250000000001 0.5765625 0.028125 0.028125
0 0.584375 0.6765625000000001 0.043750000000000004 0.07187500000000001
0 0.56875 0.74765625 0.03125 0.0390625
0 0.7703125000000001 0.73984375 0.08125 0.06406250000000001
0 0.40234375 0.80234375 0.06406250000000001 0.08281250000000001
0 0.44453125000000004 0.72578125 0.0328125 0.035937500000000004
0 0.3328125 0.7781250000000001 0.043750000000000004 0.040625
0 0.36484375 0.6781250000000001 0.1203125 0.15000000000000002
0 0.41875 0.5828125000000001 0.053125000000000006 0.0625
0 0.31796875 0.55703125 0.0921875 0.06406250000000001
0 0.4421875 0.3484375 0.03125 0.037500000000000006
0 0.5140625 0.3765625 0.078125 0.096875
0 0.43515625 0.2765625 0.051562500000000004 0.0625
0 0.39140625 0.1953125 0.0484375 0.059375000000000004
0 0.2515625 0.15859375 0.259375 0.24531250000000002
0 0.48750000000000004 0.30000000000000004 0.028125 0.028125
0 0.45 0.209375 0.034375 0.037500000000000006
